0.021311283111572266
0.00033283233642578125
0.0003209114074707031
0.0003275871276855469
0.0003294944763183594
0.0003387928009033203
0.00032019615173339844
0.0003285408020019531
0.00032591819763183594
0.00034809112548828125
0.0003273487091064453
0.0003180503845214844
0.000316619873046875
0.00031876564025878906
0.00031876564025878906
0.0003139972686767578
0.00030422210693359375
0.0003209114074707031
0.0003325939178466797
0.0003306865692138672
0.0003256797790527344
0.00033473968505859375
0.00032401084899902344
0.00033926963806152344
0.0003230571746826172
0.00033020973205566406
0.0003299713134765625
0.0003345012664794922
0.0003376007080078125
0.0003173351287841797
0.0003426074981689453
0.0003077983856201172
0.0003407001495361328
0.00033402442932128906
0.00032591819763183594
0.0003237724304199219
0.00032782554626464844
0.00033545494079589844
0.00032210350036621094
0.00032210350036621094
0.00033354759216308594
0.0003173351287841797
0.0003218650817871094
0.0003371238708496094
0.0003287792205810547
0.0003292560577392578
0.00032520294189453125
0.00032591819763183594
0.0003352165222167969
0.0003223419189453125
0.0003349781036376953
0.0003275871276855469
0.0003275871276855469
0.00031280517578125
0.0003509521484375
0.00033473968505859375
0.0003204345703125
0.00033354759216308594
0.0003230571746826172
0.0003273487091064453
0.0003476142883300781
0.0003185272216796875
0.0003342628479003906
0.0003197193145751953
0.0003132820129394531
0.00034332275390625
0.0003345012664794922
0.0003173351287841797
0.0003345012664794922
0.0003190040588378906
0.00032806396484375
0.00031256675720214844
0.0003294944763183594
0.0003364086151123047
0.0003421306610107422
0.0003292560577392578
0.0003323554992675781
0.0003325939178466797
0.000331878662109375
0.00032138824462890625
0.00033974647521972656
0.00033354759216308594
0.00034356117248535156
0.0003256797790527344
0.00032973289489746094
0.0003330707550048828
0.0003211498260498047
0.0003428459167480469
0.0003135204315185547
0.00032806396484375
0.00036454200744628906
0.0003199577331542969
0.00031876564025878906
0.00033092498779296875
0.00032830238342285156
0.00031495094299316406
0.00031256675720214844
0.00034046173095703125
0.0003261566162109375
0.0003173351287841797
0.0003247261047363281
0.0003287792205810547
0.0003337860107421875
0.00031638145446777344
0.0003504753112792969
0.00034999847412109375
0.00034427642822265625
0.0003199577331542969
0.0003330707550048828
0.00031828880310058594
0.0003261566162109375
0.0003256797790527344
0.0003383159637451172
0.0003292560577392578
0.0003478527069091797
0.00032639503479003906
0.0003337860107421875
0.00032019615173339844
0.0003380775451660156
0.0003230571746826172
0.0003273487091064453
0.00033545494079589844
0.0003209114074707031
0.00033164024353027344
0.00034308433532714844
0.00033164024353027344
0.0003204345703125
0.00032138824462890625
0.0003237724304199219
0.0003185272216796875
0.0003330707550048828
0.0003247261047363281
0.0003178119659423828
0.00034046173095703125
0.00033020973205566406
0.0003151893615722656
0.0003249645233154297
0.00033593177795410156
0.00032258033752441406
0.0003402233123779297
0.0003197193145751953
0.0003402233123779297
0.0003230571746826172
0.00032973289489746094
0.0003256797790527344
0.00033283233642578125
0.0003418922424316406
0.00032711029052734375
0.0003342628479003906
0.0003421306610107422
0.00032901763916015625
0.00031566619873046875
0.00034546852111816406
0.00031256675720214844
0.00032591819763183594
0.0003211498260498047
0.000331878662109375
0.000339508056640625
0.00032830238342285156
0.0003299713134765625
0.00032901763916015625
0.0003330707550048828
0.0003216266632080078
0.0003120899200439453
0.0003261566162109375
0.00032782554626464844
0.00032901763916015625
0.00032806396484375
0.0003249645233154297
0.00033354759216308594
0.00034308433532714844
0.0003142356872558594
0.0003502368927001953
0.0003402233123779297
0.0003204345703125
0.0003261566162109375
0.0003380775451660156
0.00033092498779296875
0.00033783912658691406
0.0003383159637451172
0.0003235340118408203
0.00034046173095703125
0.00034356117248535156
0.0003342628479003906
0.000339508056640625
0.00033164024353027344
0.0003218650817871094
0.000308990478515625
0.00033473968505859375
0.0003261566162109375
0.0003361701965332031
0.0003428459167480469
0.0003325939178466797
0.00033164024353027344
0.00033855438232421875
0.0003459453582763672
0.0003216266632080078
0.0003256797790527344
0.0003230571746826172
0.00033783912658691406
0.00032782554626464844
0.00033402442932128906
0.00033092498779296875
0.0003306865692138672
0.0003178119659423828
0.00032830238342285156
0.00032210350036621094
0.0003399848937988281
0.0003314018249511719
0.0003273487091064453
0.00032210350036621094
0.0003437995910644531
0.0003273487091064453
0.00030875205993652344
0.000331878662109375
0.0003211498260498047
0.0003383159637451172
0.00034737586975097656
0.00033855438232421875
0.0003275871276855469
0.000331878662109375
0.0003399848937988281
0.0003254413604736328
0.0003457069396972656
0.0003170967102050781
0.0003285408020019531
0.00031375885009765625
0.0003314018249511719
0.00032448768615722656
0.00033926963806152344
0.00032639503479003906
0.0003306865692138672
0.00034332275390625
0.0003571510314941406
0.00032138824462890625
0.0003342628479003906
0.00032329559326171875
0.00032210350036621094
0.00032806396484375
0.00032448768615722656
0.0003407001495361328
0.00033926963806152344
0.0003285408020019531
0.00034928321838378906
0.00032520294189453125
0.0003209114074707031
0.0003371238708496094
0.0003197193145751953
0.00032830238342285156
0.00032591819763183594
0.00034880638122558594
0.0003197193145751953
0.0003380775451660156
0.0003333091735839844
0.00033926963806152344
0.0003333091735839844
0.0003402233123779297
0.0003178119659423828
0.00034356117248535156
0.0003211498260498047
0.000324249267578125
0.00031256675720214844
0.00033473968505859375
0.0003173351287841797
0.00034165382385253906
0.0003247261047363281
0.0003285408020019531
0.0003142356872558594
0.0003211498260498047
0.00034689903259277344
0.00032591819763183594
0.00035381317138671875
0.0003380775451660156
0.0003261566162109375
0.00031638145446777344
0.000335693359375
0.0003371238708496094
0.0003228187561035156
0.00032258033752441406
0.00032329559326171875
0.00034332275390625
0.0003304481506347656
0.0003273487091064453
0.00031948089599609375
0.0003285408020019531
0.0003342628479003906
0.0003104209899902344
0.0003314018249511719
0.00033974647521972656
0.00032806396484375
0.0003299713134765625
0.00033402442932128906
0.00032591819763183594
0.0003514289855957031
0.00033926963806152344
0.00032806396484375
0.00032591819763183594
0.0003445148468017578
0.0003368854522705078
0.00032973289489746094
0.00034165382385253906
0.0003383159637451172
0.0003228187561035156
0.0003299713134765625
0.0003190040588378906
0.00033855438232421875
0.00032639503479003906
0.00032591819763183594
0.0003273487091064453
0.0003342628479003906
0.00032973289489746094
0.0003299713134765625
0.0003333091735839844
0.00032973289489746094
0.0003066062927246094
0.000331878662109375
0.00033092498779296875
0.00034236907958984375
0.0003247261047363281
0.00033473968505859375
0.00033736228942871094
0.0003368854522705078
0.0003337860107421875
0.000335693359375
0.00032067298889160156
0.0003185272216796875
0.0003314018249511719
0.00032591819763183594
0.0003371238708496094
0.0003342628479003906
0.00033020973205566406
0.0003151893615722656
0.0003407001495361328
0.000347137451171875
0.00032329559326171875
0.0003192424774169922
0.0003337860107421875
0.00032448768615722656
0.0003352165222167969
0.0003192424774169922
0.0003502368927001953
0.00032258033752441406
0.00033402442932128906
0.00033926963806152344
0.00035190582275390625
0.0003294944763183594
0.00033354759216308594
0.0003237724304199219
0.0003204345703125
0.0003349781036376953
0.0003190040588378906
0.00032806396484375
0.0003323554992675781
0.000339508056640625
0.0003178119659423828
0.00033783912658691406
0.00033545494079589844
0.0003180503845214844
0.0003376007080078125
0.0003154277801513672
0.0003082752227783203
0.0003368854522705078
0.0003311634063720703
0.0003120899200439453
0.000331878662109375
0.00031495094299316406
0.0003421306610107422
0.0003211498260498047
0.0003306865692138672
0.0003266334533691406
0.00033092498779296875
0.00033926963806152344
0.0003094673156738281
0.00034999847412109375
0.00033402442932128906
0.00032258033752441406
0.0003311634063720703
0.00033092498779296875
0.00032520294189453125
0.0003342628479003906
0.0003154277801513672
0.00034308433532714844
0.00035119056701660156
0.00034737586975097656
0.0003204345703125
0.00032711029052734375
0.0003261566162109375
0.0003364086151123047
0.00032901763916015625
0.0003421306610107422
0.00032901763916015625
0.00033092498779296875
0.0003197193145751953
0.00033736228942871094
0.00031685829162597656
0.00032591819763183594
0.0003085136413574219
0.0003325939178466797
0.0003306865692138672
0.0003235340118408203
0.0003209114074707031
0.0003361701965332031
0.000324249267578125
0.00033283233642578125
0.0003142356872558594
0.00031948089599609375
0.0003304481506347656
0.0003173351287841797
0.00030922889709472656
0.0003273487091064453
0.0003314018249511719
0.00031065940856933594
0.00034427642822265625
0.00031828880310058594
0.0003218650817871094
0.00033092498779296875
0.0003311634063720703
0.00033473968505859375
0.000331878662109375
0.00033354759216308594
0.0003173351287841797
0.0003352165222167969
0.0003123283386230469
0.00032901763916015625
0.0003266334533691406
0.0003235340118408203
0.0003178119659423828
0.0003230571746826172
0.0003380775451660156
0.00033020973205566406
0.00034499168395996094
0.00032639503479003906
0.0003407001495361328
0.00033664703369140625
0.0003314018249511719
0.0003390312194824219
0.0003361701965332031
0.00032711029052734375
0.00033736228942871094
0.00034499168395996094
0.0003249645233154297
0.0003364086151123047
0.00032210350036621094
0.00033545494079589844
0.00032067298889160156
0.00033736228942871094
0.00032448768615722656
0.0003249645233154297
0.0003418922424316406
0.00032210350036621094
0.0003364086151123047
0.00032210350036621094
0.0003256797790527344
0.0003230571746826172
0.00033164024353027344
0.0003192424774169922
0.0003540515899658203
0.0003387928009033203
0.0003247261047363281
0.00033926963806152344
0.0003230571746826172
0.0003383159637451172
0.0003376007080078125
0.00033092498779296875
0.00032329559326171875
0.0003490447998046875
0.0003197193145751953
0.00033736228942871094
0.0003216266632080078
0.00032258033752441406
0.0003330707550048828
0.00032591819763183594
0.00032782554626464844
0.00031757354736328125
0.00034308433532714844
0.0003197193145751953
0.0003368854522705078
0.00031828880310058594
0.00032448768615722656
0.0003192424774169922
0.00032901763916015625
0.00032329559326171875
0.00033664703369140625
0.0003566741943359375
0.00033855438232421875
0.00033354759216308594
0.0003352165222167969
0.0003399848937988281
0.0003294944763183594
0.0003409385681152344
0.00032591819763183594
0.0003387928009033203
0.00032591819763183594
0.0003256797790527344
0.0003294944763183594
0.0003299713134765625
0.0003304481506347656
0.0003223419189453125
0.00034999847412109375
0.00033473968505859375
