0.0011453628540039063
0.0002276897430419922
0.0002219676971435547
0.00022459030151367188
0.00021457672119140625
0.0002295970916748047
0.0002269744873046875
0.00023126602172851563
0.00023102760314941406
0.00024366378784179688
0.0002257823944091797
0.00022935867309570313
0.00023102760314941406
0.00023508071899414063
0.00022935867309570313
0.000232696533203125
0.0002357959747314453
0.00023221969604492188
0.00022554397583007813
0.0002167224884033203
0.00023102760314941406
0.0002315044403076172
0.00023221969604492188
0.00023221969604492188
0.00023174285888671875
0.00022482872009277344
0.00023698806762695313
0.00023031234741210938
0.00022602081298828125
0.00022482872009277344
0.0002307891845703125
0.00023126602172851563
0.00022530555725097656
0.00022172927856445313
0.000225067138671875
0.00023555755615234375
0.00023126602172851563
0.0002257823944091797
0.0002231597900390625
0.00022459030151367188
0.0002300739288330078
0.00023555755615234375
0.00023174285888671875
0.0002231597900390625
0.0002269744873046875
0.00022292137145996094
0.00022530555725097656
0.0002338886260986328
0.00022459030151367188
0.00023818016052246094
0.0002224445343017578
0.00023317337036132813
0.0002307891845703125
0.00023412704467773438
0.0002353191375732422
0.000225067138671875
0.0002205371856689453
0.00022864341735839844
0.00022554397583007813
0.00022912025451660156
0.0002353191375732422
0.00022149085998535156
0.00022745132446289063
0.0002319812774658203
0.0002288818359375
0.00022912025451660156
0.00023317337036132813
0.00023412704467773438
0.0002262592315673828
0.00023055076599121094
0.0002315044403076172
0.00023102760314941406
0.00022840499877929688
0.0002224445343017578
0.00021719932556152344
0.0002319812774658203
0.00023031234741210938
0.00023436546325683594
0.00023102760314941406
0.0002243518829345703
0.00022268295288085938
0.0002276897430419922
0.0002338886260986328
0.0002257823944091797
0.0002315044403076172
0.00022983551025390625
0.0002200603485107422
0.00023031234741210938
0.00023126602172851563
0.000240325927734375
0.00022673606872558594
0.0002357959747314453
0.00023317337036132813
0.00023651123046875
0.00022983551025390625
0.00022649765014648438
0.00023174285888671875
0.00023317337036132813
0.00023436546325683594
0.00023317337036132813
0.00022673606872558594
0.00023818016052246094
0.00023436546325683594
0.00022482872009277344
0.0002281665802001953
0.00022864341735839844
0.00022721290588378906
0.00023317337036132813
0.0002288818359375
0.00022792816162109375
0.00022721290588378906
0.00022912025451660156
0.00023794174194335938
0.0002300739288330078
0.00023293495178222656
0.00023102760314941406
0.0002155303955078125
0.00022935867309570313
0.00022482872009277344
0.0002300739288330078
0.00023055076599121094
0.00023245811462402344
0.00022029876708984375
0.00022721290588378906
0.00022172927856445313
0.00023603439331054688
0.0002334117889404297
0.00022411346435546875
0.00023102760314941406
0.0002319812774658203
0.00022792816162109375
0.0002295970916748047
0.00023436546325683594
0.00022554397583007813
0.00022983551025390625
0.0002238750457763672
0.00022673606872558594
0.0002276897430419922
0.00022339820861816406
0.00022339820861816406
0.0002205371856689453
0.0002307891845703125
0.00022602081298828125
0.0002353191375732422
0.00022411346435546875
0.0002334117889404297
0.00022840499877929688
0.0002295970916748047
0.0002243518829345703
0.0002281665802001953
0.0002262592315673828
0.0002338886260986328
0.0002243518829345703
0.0002276897430419922
0.0002288818359375
0.00022792816162109375
0.000225067138671875
0.00022721290588378906
0.00023651123046875
0.0002257823944091797
0.00021982192993164063
0.0002338886260986328
0.0002319812774658203
0.0002410411834716797
0.00022935867309570313
0.00023055076599121094
0.00023627281188964844
0.0002372264862060547
0.00022530555725097656
0.00022864341735839844
0.0002224445343017578
0.000232696533203125
0.00022673606872558594
0.000232696533203125
0.00022602081298828125
0.00022983551025390625
0.00023412704467773438
0.00023031234741210938
0.0002288818359375
0.00023031234741210938
0.00022411346435546875
0.00023794174194335938
0.0002315044403076172
0.00022459030151367188
0.00023102760314941406
0.00022554397583007813
0.00023651123046875
0.00022935867309570313
0.00022745132446289063
0.00025081634521484375
0.000225067138671875
0.0002315044403076172
0.000225067138671875
0.00021409988403320313
0.0002281665802001953
0.00023031234741210938
0.00022602081298828125
0.0002200603485107422
0.00023508071899414063
0.00022912025451660156
0.00023293495178222656
0.00023174285888671875
0.0002315044403076172
0.00022721290588378906
0.00024008750915527344
0.00022745132446289063
0.00022292137145996094
0.000225067138671875
0.00023102760314941406
0.00022912025451660156
0.00023102760314941406
0.00023627281188964844
0.00023484230041503906
0.0002224445343017578
0.00024509429931640625
0.00022983551025390625
0.00022912025451660156
0.00024008750915527344
0.00022602081298828125
0.00022530555725097656
0.0002243518829345703
0.00022721290588378906
0.00021839141845703125
0.0002257823944091797
0.00023555755615234375
0.0002307891845703125
0.0002269744873046875
0.0002346038818359375
0.00022673606872558594
0.00022983551025390625
0.0002334117889404297
0.00022721290588378906
0.0002300739288330078
0.0002384185791015625
0.0002269744873046875
0.00022268295288085938
0.00023698806762695313
0.00023174285888671875
0.00022411346435546875
0.00023674964904785156
0.0002288818359375
0.0002276897430419922
0.0002396106719970703
0.00022339820861816406
0.00023174285888671875
0.0002484321594238281
0.0002262592315673828
0.00023221969604492188
0.00022363662719726563
0.0002300739288330078
0.0002224445343017578
0.0002269744873046875
0.00022602081298828125
0.0002219676971435547
0.00022268295288085938
0.00023937225341796875
0.00022530555725097656
0.00023055076599121094
0.00023794174194335938
0.00021958351135253906
0.0002338886260986328
0.0002315044403076172
0.0002307891845703125
0.00023508071899414063
0.00023102760314941406
0.00023221969604492188
0.00022554397583007813
0.00023365020751953125
0.00023293495178222656
0.0002357959747314453
0.00023365020751953125
0.00024080276489257813
0.0002315044403076172
0.0002307891845703125
0.000232696533203125
0.00022912025451660156
0.00022363662719726563
0.000225067138671875
0.0002262592315673828
0.0002319812774658203
0.00024199485778808594
0.00023221969604492188
0.00023603439331054688
0.0002357959747314453
0.0002269744873046875
0.00022983551025390625
0.00023174285888671875
0.0002472400665283203
0.0002307891845703125
0.00023555755615234375
0.00022840499877929688
0.00023674964904785156
0.0002334117889404297
0.00022554397583007813
0.00023365020751953125
0.00022935867309570313
0.00024008750915527344
0.00022339820861816406
0.00021767616271972656
0.00023508071899414063
0.0002300739288330078
0.00022554397583007813
0.0002269744873046875
0.00023126602172851563
0.0002319812774658203
0.00023794174194335938
0.00023651123046875
0.0002300739288330078
0.00023221969604492188
0.00023055076599121094
0.0002560615539550781
0.0002498626708984375
0.0002300739288330078
0.0002391338348388672
0.0002319812774658203
0.0002295970916748047
0.00023818016052246094
0.00023245811462402344
0.0002410411834716797
0.00023698806762695313
0.00023818016052246094
0.00023889541625976563
0.00024271011352539063
0.00022983551025390625
0.00022983551025390625
0.0002396106719970703
0.00024175643920898438
0.00024127960205078125
0.00022983551025390625
0.00024127960205078125
0.0002257823944091797
0.0002262592315673828
0.00022745132446289063
0.00022983551025390625
0.00022912025451660156
0.00022292137145996094
0.00023412704467773438
0.000232696533203125
0.00023484230041503906
0.0002353191375732422
0.00022721290588378906
0.00023055076599121094
0.00022339820861816406
0.00023937225341796875
0.00022482872009277344
0.000232696533203125
0.00022292137145996094
0.0002605915069580078
0.00022482872009277344
0.00022721290588378906
0.0002281665802001953
0.0002357959747314453
0.00022029876708984375
0.0002491474151611328
0.000225067138671875
0.0002536773681640625
0.0002338886260986328
0.0004241466522216797
0.00022268295288085938
0.0002562999725341797
0.0002391338348388672
0.00022649765014648438
0.00023794174194335938
0.0002391338348388672
0.00022268295288085938
0.000232696533203125
0.00023889541625976563
0.00023674964904785156
0.00023293495178222656
0.00024008750915527344
0.0002410411834716797
0.0002353191375732422
0.0002396106719970703
0.00022745132446289063
0.0002231597900390625
0.00023818016052246094
0.00022935867309570313
0.00023698806762695313
0.00024819374084472656
0.00023126602172851563
0.00024437904357910156
0.0002484321594238281
0.00023293495178222656
0.000255584716796875
0.00023102760314941406
0.00022745132446289063
0.0002353191375732422
0.00022363662719726563
0.00023365020751953125
0.00022840499877929688
0.00023603439331054688
0.0002276897430419922
0.00023031234741210938
0.00023674964904785156
0.0002384185791015625
0.00023436546325683594
0.00023317337036132813
0.00023317337036132813
0.00023651123046875
0.0002276897430419922
0.00023055076599121094
0.00024080276489257813
0.0002372264862060547
0.00023174285888671875
0.0002384185791015625
0.0002353191375732422
0.00024700164794921875
0.00023365020751953125
0.00023293495178222656
0.00023031234741210938
0.00023603439331054688
0.00023102760314941406
0.00023174285888671875
0.00023126602172851563
0.00023174285888671875
0.0002338886260986328
0.00023698806762695313
0.0002391338348388672
0.00023317337036132813
0.0002372264862060547
0.00023627281188964844
0.00023436546325683594
0.00023674964904785156
0.00023603439331054688
0.0002186298370361328
0.0002512931823730469
0.00023293495178222656
0.0002288818359375
0.00023174285888671875
0.00023674964904785156
0.00026416778564453125
0.0002434253692626953
0.00023603439331054688
0.00023174285888671875
0.0002224445343017578
0.00024080276489257813
0.00023555755615234375
0.00023412704467773438
0.00022935867309570313
0.00025200843811035156
0.00023651123046875
0.00023627281188964844
0.0002307891845703125
0.0002334117889404297
0.00023937225341796875
0.00024080276489257813
0.0002396106719970703
0.00023317337036132813
0.0002377033233642578
0.0002372264862060547
0.00024199485778808594
0.00023174285888671875
0.0002353191375732422
0.0002384185791015625
0.00024199485778808594
0.00023055076599121094
0.00023484230041503906
0.00023674964904785156
0.00023293495178222656
0.00024008750915527344
0.00025177001953125
0.00023174285888671875
0.00022792816162109375
0.0002269744873046875
0.0002453327178955078
0.0002281665802001953
0.00022649765014648438
0.00023245811462402344
0.00024199485778808594
0.00023245811462402344
0.00022912025451660156
0.00023317337036132813
0.00024366378784179688
0.0002315044403076172
0.00023508071899414063
0.00023889541625976563
0.00023317337036132813
0.00023508071899414063
0.0002338886260986328
0.00023102760314941406
0.00024819374084472656
0.0002357959747314453
0.0002288818359375
0.00023293495178222656
0.0002446174621582031
0.00022935867309570313
0.00022482872009277344
0.0002434253692626953
0.0002372264862060547
0.00025463104248046875
0.0002372264862060547
0.00023937225341796875
0.00023674964904785156
0.0002319812774658203
0.00023794174194335938
0.00023794174194335938
0.00023484230041503906
0.00023126602172851563
0.00023746490478515625
0.00022101402282714844
