0.0028579235076904297
0.0005710124969482422
0.0006482601165771484
0.0007166862487792969
0.0008139610290527344
0.0008668899536132813
0.0009465217590332031
0.0010166168212890625
0.0011954307556152344
0.0012118816375732422
0.0013644695281982422
0.001514434814453125
0.002866029739379883
0.0016741752624511719
0.0016937255859375
0.0018494129180908203
0.0019936561584472656
0.0020728111267089844
0.002166748046875
0.0021483898162841797
0.0023021697998046875
0.002385854721069336
0.0024068355560302734
0.0025491714477539063
0.0025124549865722656
0.0026175975799560547
0.0027785301208496094
0.002830982208251953
0.002977132797241211
0.0030379295349121094
0.0029892921447753906
0.0031576156616210938
0.003264188766479492
0.0033245086669921875
0.003415822982788086
0.003529071807861328
0.0035593509674072266
0.003766298294067383
0.0038607120513916016
0.0039064884185791016
0.0038933753967285156
0.00399017333984375
0.00403594970703125
0.004122734069824219
0.004282712936401367
0.004385232925415039
0.004323720932006836
0.0044879913330078125
0.004564046859741211
0.004678010940551758
0.005784749984741211
0.004764080047607422
0.004956960678100586
0.004962921142578125
0.005176067352294922
0.0051577091217041016
0.005387544631958008
0.005373954772949219
0.00540614128112793
0.005525112152099609
0.005570888519287109
0.0057048797607421875
0.00596928596496582
0.005866050720214844
0.005930185317993164
0.006046772003173828
0.006081342697143555
0.006119728088378906
0.0062673091888427734
0.0062677860260009766
0.006455659866333008
0.006440877914428711
0.006501674652099609
0.0066165924072265625
0.006674766540527344
0.006804943084716797
0.006806850433349609
0.00694727897644043
0.006946086883544922
0.007219791412353516
0.00726008415222168
0.0074083805084228516
0.007367372512817383
0.007413625717163086
0.007586240768432617
0.007659196853637695
0.007686614990234375
0.007872819900512695
0.0077435970306396484
0.007976293563842773
0.007895469665527344
0.007828950881958008
0.008119344711303711
0.008345365524291992
0.008089303970336914
0.00819540023803711
0.008385896682739258
0.008622169494628906
0.008496999740600586
0.008461475372314453
0.008839845657348633
0.009050130844116211
0.008835315704345703
0.008775711059570313
0.009058952331542969
0.009262800216674805
0.009219169616699219
0.009240150451660156
0.009220361709594727
0.009431600570678711
0.009474754333496094
0.009437799453735352
0.00948786735534668
0.009883403778076172
0.009994029998779297
0.009871482849121094
0.009824275970458984
0.009669303894042969
0.010137319564819336
0.010269641876220703
0.010263919830322266
0.01013040542602539
0.01017618179321289
0.010481595993041992
0.010601282119750977
0.010494232177734375
0.01039576530456543
0.010583162307739258
0.010994672775268555
0.01093745231628418
0.010978221893310547
0.010780096054077148
0.010965108871459961
0.0111083984375
0.011415719985961914
0.01118326187133789
0.011281490325927734
0.011212348937988281
0.011266231536865234
0.011545658111572266
0.011605262756347656
0.011778593063354492
0.011417150497436523
0.011501073837280273
0.011829376220703125
0.012142419815063477
0.012044906616210938
0.011980056762695313
0.011799097061157227
0.012361764907836914
0.012240171432495117
0.012142419815063477
0.012288093566894531
0.012472152709960938
0.012293100357055664
0.012367010116577148
0.012537717819213867
0.013011932373046875
0.013027667999267578
0.012768030166625977
0.012796163558959961
0.012762308120727539
0.013159036636352539
0.013484954833984375
0.013499259948730469
0.013420820236206055
0.013564586639404297
0.013275146484375
0.013876676559448242
0.013924121856689453
0.014003515243530273
0.012912511825561523
0.012924671173095703
0.013053417205810547
0.01335287094116211
0.013565301895141602
0.013696432113647461
0.013366222381591797
0.013334274291992188
0.013440132141113281
0.014048576354980469
0.013651132583618164
0.01358938217163086
0.013802766799926758
0.013937711715698242
0.013660192489624023
0.014001131057739258
0.014135360717773438
0.014787912368774414
0.01474761962890625
0.01468038558959961
0.01467275619506836
0.014526605606079102
0.014407873153686523
0.014518022537231445
0.014532804489135742
0.014399051666259766
0.014902830123901367
0.014444828033447266
0.014982461929321289
0.014995574951171875
0.014784097671508789
0.014964103698730469
0.014937639236450195
0.01490473747253418
0.014920711517333984
0.015656709671020508
0.015517473220825195
0.015323638916015625
0.015588760375976563
0.015279054641723633
0.015224933624267578
0.015398740768432617
0.015426397323608398
0.015430688858032227
0.015584707260131836
0.015420675277709961
0.01536870002746582
0.015620708465576172
0.016237974166870117
0.01582932472229004
0.015854835510253906
0.015996694564819336
0.016062498092651367
0.016750812530517578
0.016653060913085938
0.01685500144958496
0.016744613647460938
0.01656174659729004
0.01666712760925293
0.01686716079711914
0.01671767234802246
0.015924930572509766
0.015954017639160156
0.015944957733154297
0.015917301177978516
0.01579904556274414
0.015877246856689453
0.016394853591918945
0.016454696655273438
0.0167236328125
0.016694068908691406
0.01689743995666504
0.016781330108642578
0.01674485206604004
0.016680240631103516
0.016486167907714844
0.016156673431396484
0.01670241355895996
0.01640152931213379
0.017461299896240234
0.01737070083618164
0.017122745513916016
0.01718282699584961
0.017429113388061523
0.01764988899230957
0.01722121238708496
0.017448902130126953
0.01724720001220703
0.017351150512695313
0.017679452896118164
0.0179598331451416
0.017609119415283203
0.017653465270996094
0.01745748519897461
0.01753377914428711
0.01765894889831543
0.01745891571044922
0.018459320068359375
0.018747806549072266
0.018567562103271484
0.018520355224609375
0.018637895584106445
0.01812458038330078
0.01862192153930664
0.018419981002807617
0.018529176712036133
0.018064498901367188
0.017842531204223633
0.01808619499206543
0.0183103084564209
0.017790794372558594
0.017938613891601563
0.018102169036865234
0.01808786392211914
0.018085718154907227
0.018028736114501953
0.01826000213623047
0.018162012100219727
0.018227815628051758
0.0182344913482666
0.018301725387573242
0.017831802368164063
0.018085002899169922
0.018769025802612305
0.018762588500976563
0.018814563751220703
0.018785715103149414
0.018721580505371094
0.01868271827697754
0.018734216690063477
0.018632173538208008
0.018812179565429688
0.01886272430419922
0.01943683624267578
0.019293785095214844
0.01907062530517578
0.01910400390625
0.019095897674560547
0.018843889236450195
0.018898725509643555
0.01869511604309082
0.019245147705078125
0.019465208053588867
0.019490957260131836
0.01982426643371582
0.019453763961791992
0.01929163932800293
0.019219636917114258
0.019610166549682617
0.019438505172729492
0.019406795501708984
0.019725322723388672
0.019486188888549805
0.019473552703857422
0.019695043563842773
0.019657611846923828
0.020328283309936523
0.01980113983154297
0.019317150115966797
0.01935887336730957
0.019756317138671875
0.019133567810058594
0.019642353057861328
0.019665002822875977
0.01932549476623535
0.019412517547607422
0.0199434757232666
0.019656896591186523
0.019858121871948242
0.02014327049255371
0.019982099533081055
0.019977569580078125
0.02008819580078125
0.019986391067504883
0.020100831985473633
0.01987433433532715
0.020871877670288086
0.02052021026611328
0.020038843154907227
0.01986837387084961
0.020512104034423828
0.020314693450927734
0.020585298538208008
0.020498037338256836
0.02002882957458496
0.020004749298095703
0.019917726516723633
0.02004265785217285
0.020114660263061523
0.020322799682617188
0.01984429359436035
0.01999378204345703
0.020150423049926758
0.0215301513671875
0.021049976348876953
0.021135330200195313
0.021025419235229492
0.02163982391357422
0.02115607261657715
0.02085137367248535
0.021629810333251953
0.02143549919128418
0.022882699966430664
0.022053956985473633
0.02321314811706543
0.02255105972290039
0.022818803787231445
0.02321457862854004
0.022162675857543945
0.023356914520263672
0.02172088623046875
0.021277666091918945
0.021956920623779297
0.021439075469970703
0.021545886993408203
0.021351099014282227
0.021419763565063477
0.021143674850463867
0.021615982055664063
0.021428823471069336
0.021466732025146484
0.021711349487304688
0.021636247634887695
0.021336793899536133
0.021659135818481445
0.022038698196411133
0.021466732025146484
0.021469831466674805
0.02175426483154297
0.02161717414855957
0.02173781394958496
0.02177286148071289
0.021387100219726563
0.02190852165222168
0.021752119064331055
0.02167654037475586
0.02218914031982422
0.022142648696899414
0.021924734115600586
0.02201986312866211
0.022192955017089844
0.021894216537475586
0.02219557762145996
0.022303342819213867
0.021825551986694336
0.021994829177856445
0.022142410278320313
0.02183842658996582
0.021828413009643555
0.02159428596496582
0.022062063217163086
0.021728038787841797
0.02216339111328125
0.0221865177154541
0.022789716720581055
0.022042036056518555
0.02242445945739746
0.022450923919677734
0.02231144905090332
0.022527456283569336
0.022258996963500977
0.02226424217224121
0.023378372192382813
0.023372411727905273
0.023502111434936523
0.023264169692993164
0.023233652114868164
0.023327350616455078
0.023033857345581055
0.023400068283081055
0.023478031158447266
0.02322554588317871
0.023137807846069336
0.022846460342407227
0.02312922477722168
0.023098230361938477
0.02303767204284668
0.023392438888549805
0.023328065872192383
0.02383875846862793
0.024668216705322266
0.02429986000061035
0.024155855178833008
0.023908615112304688
0.024341344833374023
0.024033546447753906
0.024090051651000977
0.02447342872619629
0.025109052658081055
0.024834156036376953
0.025058984756469727
0.02457404136657715
0.02469015121459961
0.02458667755126953
0.024541378021240234
0.02444744110107422
0.024858951568603516
0.024598360061645508
0.024151086807250977
0.02408313751220703
0.024039268493652344
0.02477717399597168
0.02458357810974121
0.02472090721130371
0.02449965476989746
0.02482748031616211
0.025170564651489258
0.024869203567504883
0.024988174438476563
0.02480626106262207
0.024591445922851563
0.024997234344482422
0.024528026580810547
0.025174856185913086
0.02565765380859375
0.02528667449951172
0.025184154510498047
0.025324344635009766
0.02565479278564453
0.024794816970825195
0.025493860244750977
0.024784326553344727
0.02470088005065918
0.02517557144165039
0.025238990783691406
0.025342226028442383
0.025473594665527344
0.025451183319091797
0.025449275970458984
