0.0019769668579101563
0.0005834102630615234
0.0006158351898193359
0.0007171630859375
0.0007786750793457031
0.0008296966552734375
0.0008983612060546875
0.0010056495666503906
0.0010862350463867188
0.0012297630310058594
0.003662109375
0.0013432502746582031
0.0014286041259765625
0.0014362335205078125
0.0014786720275878906
0.0017006397247314453
0.0020017623901367188
0.0019516944885253906
0.0019686222076416016
0.0020880699157714844
0.002224445343017578
0.0020978450775146484
0.0021779537200927734
0.002325296401977539
0.002414703369140625
0.0025281906127929688
0.0026574134826660156
0.002699136734008789
0.0027549266815185547
0.002913951873779297
0.0029408931732177734
0.003007650375366211
0.003080606460571289
0.003108978271484375
0.0032706260681152344
0.0033130645751953125
0.0033118724822998047
0.003473520278930664
0.003598928451538086
0.003614664077758789
0.0036504268646240234
0.0036695003509521484
0.003871440887451172
0.0040547847747802734
0.003963947296142578
0.0040056705474853516
0.004188060760498047
0.0041103363037109375
0.004357576370239258
0.00431370735168457
0.004610538482666016
0.004450798034667969
0.004567623138427734
0.004701375961303711
0.004776954650878906
0.00473475456237793
0.0048449039459228516
0.004902362823486328
0.00490117073059082
0.005205631256103516
0.0051152706146240234
0.0052242279052734375
0.0052318572998046875
0.00552678108215332
0.005373716354370117
0.0054836273193359375
0.005632162094116211
0.005697965621948242
0.005642890930175781
0.005761146545410156
0.0060160160064697266
0.0059261322021484375
0.006034135818481445
0.006021261215209961
0.00613093376159668
0.006246328353881836
0.006230354309082031
0.006359100341796875
0.00653386116027832
0.006536245346069336
0.006707668304443359
0.00678563117980957
0.006912946701049805
0.006663322448730469
0.006860971450805664
0.007090330123901367
0.007323026657104492
0.007048845291137695
0.007203340530395508
0.0074329376220703125
0.0074615478515625
0.0074465274810791016
0.007392406463623047
0.007807493209838867
0.00774073600769043
0.007788658142089844
0.007593393325805664
0.008064985275268555
0.00804281234741211
0.008075952529907227
0.008122444152832031
0.008257389068603516
0.00854945182800293
0.008412837982177734
0.008238792419433594
0.008579015731811523
0.00865483283996582
0.00882863998413086
0.008858203887939453
0.009010553359985352
0.008622169494628906
0.00912022590637207
0.009192705154418945
0.009027719497680664
0.00912165641784668
0.00923466682434082
0.009397506713867188
0.009328842163085938
0.009266376495361328
0.009673833847045898
0.009441852569580078
0.009771585464477539
0.009578466415405273
0.009708404541015625
0.009868860244750977
0.009787797927856445
0.010005950927734375
0.010596752166748047
0.010002374649047852
0.010097026824951172
0.010184764862060547
0.010366678237915039
0.010580301284790039
0.010433673858642578
0.010489940643310547
0.01078653335571289
0.01067662239074707
0.010909795761108398
0.010876178741455078
0.01102590560913086
0.010858774185180664
0.01088094711303711
0.011305570602416992
0.011249065399169922
0.01148223876953125
0.011383771896362305
0.011401653289794922
0.011617422103881836
0.011662721633911133
0.011822700500488281
0.01161956787109375
0.011984109878540039
0.011611461639404297
0.012097835540771484
0.012169599533081055
0.011853218078613281
0.012105226516723633
0.012422323226928711
0.012614250183105469
0.012483358383178711
0.012784481048583984
0.01286458969116211
0.012685537338256836
0.012702226638793945
0.012768030166625977
0.012964010238647461
0.013256549835205078
0.0135345458984375
0.013160228729248047
0.013357162475585938
0.013105392456054688
0.012999773025512695
0.012935161590576172
0.013381242752075195
0.01294255256652832
0.013098716735839844
0.013353109359741211
0.013539552688598633
0.01336812973022461
0.0135650634765625
0.013363361358642578
0.013763904571533203
0.013676166534423828
0.013764381408691406
0.013411998748779297
0.013699054718017578
0.013734579086303711
0.01399683952331543
0.013541221618652344
0.013937234878540039
0.013473033905029297
0.013654470443725586
0.014154911041259766
0.014448881149291992
0.014337539672851563
0.014607429504394531
0.014717340469360352
0.01499629020690918
0.014508962631225586
0.014739036560058594
0.01500082015991211
0.014725685119628906
0.01503300666809082
0.015289545059204102
0.014966726303100586
0.015219926834106445
0.014887094497680664
0.015002965927124023
0.01489114761352539
0.015079736709594727
0.014922618865966797
0.01479649543762207
0.014997005462646484
0.015070676803588867
0.015251874923706055
0.015113115310668945
0.015181303024291992
0.015144586563110352
0.015155315399169922
0.01578044891357422
0.015170574188232422
0.015310049057006836
0.015501976013183594
0.015282392501831055
0.015183687210083008
0.015525579452514648
0.01590561866760254
0.015882015228271484
0.015907764434814453
0.016241073608398438
0.015938758850097656
0.01604485511779785
0.0158841609954834
0.01676154136657715
0.016439199447631836
0.016713619232177734
0.016681194305419922
0.017140865325927734
0.016916513442993164
0.017067432403564453
0.016957521438598633
0.01714038848876953
0.01686263084411621
0.017229318618774414
0.017240285873413086
0.01739501953125
0.017360687255859375
0.017230987548828125
0.017460107803344727
0.016921043395996094
0.01710820198059082
0.01687455177307129
0.016868114471435547
0.016697168350219727
0.016860246658325195
0.017046689987182617
0.017008543014526367
0.016824960708618164
0.016938209533691406
0.016666889190673828
0.01776409149169922
0.017368793487548828
0.01860332489013672
0.017187118530273438
0.01772785186767578
0.017742633819580078
0.018208980560302734
0.017922401428222656
0.017858505249023438
0.01801443099975586
0.01866888999938965
0.01860952377319336
0.018642187118530273
0.018468856811523438
0.01851367950439453
0.018445968627929688
0.018532752990722656
0.018238306045532227
0.018464326858520508
0.018780946731567383
0.01791548728942871
0.018223285675048828
0.018018484115600586
0.01836228370666504
0.01829814910888672
0.018375873565673828
0.01863241195678711
0.018780231475830078
0.01862502098083496
0.018296003341674805
0.01882767677307129
0.018673419952392578
0.018712997436523438
0.01904439926147461
0.01908421516418457
0.01856827735900879
0.018591880798339844
0.01873326301574707
0.018690824508666992
0.018912553787231445
0.019416332244873047
0.01937556266784668
0.01955437660217285
0.019224166870117188
0.019367218017578125
0.019498586654663086
0.019266605377197266
0.02054595947265625
0.02076268196105957
0.02029585838317871
0.02047872543334961
0.020568370819091797
0.019988298416137695
0.020557880401611328
0.02024555206298828
0.020336389541625977
0.02035832405090332
0.020726442337036133
0.021147966384887695
0.020112276077270508
0.020287513732910156
0.020170211791992188
0.020374536514282227
0.020449161529541016
0.020064353942871094
0.020005226135253906
0.020216941833496094
0.02024674415588379
0.02006697654724121
0.020406723022460938
0.02026200294494629
0.020215511322021484
0.020201683044433594
0.020409584045410156
0.020519495010375977
0.020440101623535156
0.02024674415588379
0.02045154571533203
0.02041339874267578
0.021509170532226563
0.020571231842041016
0.021645069122314453
0.02133965492248535
0.02152562141418457
0.021575927734375
0.021193742752075195
0.02122783660888672
0.021863937377929688
0.022199153900146484
0.02225494384765625
0.021767377853393555
0.022095441818237305
0.022960186004638672
0.023772001266479492
0.0226287841796875
0.02274489402770996
0.022794008255004883
0.022809743881225586
0.02233409881591797
0.022415876388549805
0.022356033325195313
0.022262096405029297
0.02223491668701172
0.023088932037353516
0.02270197868347168
0.022980690002441406
0.02258133888244629
0.022868633270263672
0.022450923919677734
0.023561477661132813
0.022890567779541016
0.023119449615478516
0.02457737922668457
0.023692846298217773
0.022525310516357422
0.022364139556884766
0.022298336029052734
0.02260446548461914
0.022380590438842773
0.022719860076904297
0.0228579044342041
0.0230715274810791
0.022658348083496094
0.023375511169433594
0.022795438766479492
0.022983312606811523
0.022984027862548828
0.02321624755859375
0.023328781127929688
0.022928237915039063
0.02332615852355957
0.023444414138793945
0.023410558700561523
0.023763418197631836
0.02323436737060547
0.024402141571044922
0.024295568466186523
0.02385568618774414
0.023872852325439453
0.02374887466430664
0.025379180908203125
0.025331497192382813
0.024869918823242188
0.024740219116210938
0.024663209915161133
0.02467656135559082
0.024799108505249023
0.02493453025817871
0.024893522262573242
0.024318933486938477
0.024822711944580078
0.0258481502532959
0.024739742279052734
0.024660348892211914
0.02466273307800293
0.024639129638671875
0.024749755859375
0.024721145629882813
0.024523496627807617
0.02471613883972168
0.02508687973022461
0.02452850341796875
0.0258028507232666
0.025310993194580078
0.025232315063476563
0.025008678436279297
0.025440454483032227
0.025705337524414063
0.025379180908203125
0.025630474090576172
0.025339365005493164
0.025664806365966797
0.026170015335083008
0.026180267333984375
0.025528669357299805
0.02579665184020996
0.02561044692993164
0.026032447814941406
0.028489112854003906
0.026476383209228516
0.02580857276916504
0.026545286178588867
0.02635502815246582
0.026464223861694336
0.02626514434814453
0.026242971420288086
0.026651620864868164
0.026209115982055664
0.026426315307617188
0.026447772979736328
0.026801109313964844
0.02666497230529785
0.02644634246826172
0.0259246826171875
0.026241064071655273
0.026343584060668945
0.026149511337280273
0.027008056640625
0.02875804901123047
0.0268552303314209
0.026896953582763672
0.02718949317932129
0.027367591857910156
0.027727365493774414
0.027707576751708984
0.027477264404296875
0.028052568435668945
0.02817082405090332
0.02823472023010254
0.028824567794799805
0.0287325382232666
0.02874159812927246
0.028309106826782227
0.0287015438079834
0.028844356536865234
0.028542757034301758
0.02839040756225586
0.02762603759765625
0.027675390243530273
0.028418540954589844
0.028763294219970703
0.029578447341918945
0.02904987335205078
0.028786897659301758
0.02933049201965332
0.028915882110595703
0.029189586639404297
0.02890300750732422
0.028964757919311523
0.029091358184814453
0.028965234756469727
0.029803991317749023
0.029775381088256836
0.029181480407714844
0.029628992080688477
0.029837369918823242
0.030197858810424805
0.030342578887939453
0.030197620391845703
0.03072071075439453
