0.0021834373474121094
0.0002727508544921875
0.00025773048400878906
0.0002613067626953125
0.0002567768096923828
0.0002579689025878906
0.00026726722717285156
0.0002567768096923828
0.00025534629821777344
0.00025653839111328125
0.00025582313537597656
0.0002689361572265625
0.0002689361572265625
0.0002574920654296875
0.00026106834411621094
0.00025391578674316406
0.00026226043701171875
0.0002655982971191406
0.00026702880859375
0.0002727508544921875
0.0002684593200683594
0.0002593994140625
0.00027108192443847656
0.00025963783264160156
0.000270843505859375
0.00027108192443847656
0.0002677440643310547
0.000263214111328125
0.00026702880859375
0.00026917457580566406
0.0002505779266357422
0.0002753734588623047
0.0002658367156982422
0.0002694129943847656
0.00026535987854003906
0.0002608299255371094
0.0002789497375488281
0.00026988983154296875
0.0002694129943847656
0.0002727508544921875
0.0002703666687011719
0.00027370452880859375
0.0002713203430175781
0.000270843505859375
0.00025582313537597656
0.0002620220184326172
0.000263214111328125
0.0002601146697998047
0.0002655982971191406
0.0002562999725341797
0.0002727508544921875
0.00026726722717285156
0.0002529621124267578
0.0002663135528564453
0.00029087066650390625
0.0002701282501220703
0.00027632713317871094
0.0002701282501220703
0.0002696514129638672
0.0002598762512207031
0.00024771690368652344
0.0002665519714355469
0.0002624988555908203
0.0002741813659667969
0.00028061866760253906
0.00025773048400878906
0.00027632713317871094
0.00028324127197265625
0.0002799034118652344
0.00027298927307128906
0.0002589225769042969
0.0002658367156982422
0.0002658367156982422
0.0002689361572265625
0.0002715587615966797
0.0002598762512207031
0.0002701282501220703
0.00027823448181152344
0.0002765655517578125
0.00027060508728027344
0.0002541542053222656
0.0002543926239013672
0.00027298927307128906
0.00027179718017578125
0.0002701282501220703
0.0002627372741699219
0.0002601146697998047
0.00027632713317871094
0.0002512931823730469
0.00029587745666503906
0.00028514862060546875
0.0002701282501220703
0.0002658367156982422
0.0002694129943847656
0.0002732276916503906
0.00025343894958496094
0.0002796649932861328
0.0002720355987548828
0.0002663135528564453
0.0002846717834472656
0.000270843505859375
0.00028014183044433594
0.0002613067626953125
0.0002791881561279297
0.0002734661102294922
0.0002808570861816406
0.0002589225769042969
0.0002760887145996094
0.0002713203430175781
0.00025916099548339844
0.0002701282501220703
0.00028061866760253906
0.00028705596923828125
0.0002789497375488281
0.0002562999725341797
0.000278472900390625
0.0002663135528564453
0.0002696514129638672
0.00028896331787109375
0.0002849102020263672
0.0002589225769042969
0.0002727508544921875
0.0002722740173339844
0.0002646446228027344
0.00026345252990722656
0.0002791881561279297
0.0002841949462890625
0.00027370452880859375
0.00027179718017578125
0.0002658367156982422
0.0002796649932861328
0.00029087066650390625
0.00027680397033691406
0.00028395652770996094
0.000278472900390625
0.00026726722717285156
0.0002727508544921875
0.00028634071350097656
0.0002703666687011719
0.00027179718017578125
0.0002818107604980469
0.0002830028533935547
0.0002777576446533203
0.00028014183044433594
0.0002808570861816406
0.0002834796905517578
0.0002894401550292969
0.0002894401550292969
0.0002770423889160156
0.0002899169921875
0.00028514862060546875
0.0002892017364501953
0.0002880096435546875
0.0002732276916503906
0.00029921531677246094
0.0002834796905517578
0.00029158592224121094
0.00029730796813964844
0.000286102294921875
0.0002918243408203125
0.0002913475036621094
0.00029397010803222656
0.00027489662170410156
0.00026869773864746094
0.00029206275939941406
0.0002703666687011719
0.0002887248992919922
0.0002684593200683594
0.0002884864807128906
0.0002827644348144531
0.00029206275939941406
0.00029397010803222656
0.0002956390380859375
0.00028228759765625
0.0002651214599609375
0.00029587745666503906
0.0002808570861816406
0.00026416778564453125
0.0002779960632324219
0.0002963542938232422
0.0002663135528564453
0.0002689361572265625
0.0002684593200683594
0.000274658203125
0.0002963542938232422
0.00029587745666503906
0.0002815723419189453
0.0003070831298828125
0.0002751350402832031
0.00028252601623535156
0.0002789497375488281
0.0002830028533935547
0.0002930164337158203
0.00029277801513671875
0.0002925395965576172
0.00029468536376953125
0.0002830028533935547
0.00027680397033691406
0.0002715587615966797
0.00027179718017578125
0.0002684593200683594
0.00030040740966796875
0.0002818107604980469
0.0002665519714355469
0.0002827644348144531
0.00026869773864746094
0.0002951622009277344
0.0002682209014892578
0.0002841949462890625
0.00026988983154296875
0.00028324127197265625
0.0002911090850830078
0.0002694129943847656
0.00029397010803222656
0.0003001689910888672
0.0002865791320800781
0.0002803802490234375
0.00029087066650390625
0.00029468536376953125
0.0002777576446533203
0.0003097057342529297
0.00026345252990722656
0.00027370452880859375
0.00028586387634277344
0.00026607513427734375
0.00029087066650390625
0.0002810955047607422
0.0002865791320800781
0.0002810955047607422
0.00030922889709472656
0.00027561187744140625
0.0002765655517578125
0.0002865791320800781
0.00028014183044433594
0.0002675056457519531
0.0002791881561279297
0.00026702880859375
0.0002963542938232422
0.00028204917907714844
0.0002942085266113281
0.00027489662170410156
0.00044727325439453125
0.0003864765167236328
0.0003781318664550781
0.0003991127014160156
0.00039076805114746094
0.0003790855407714844
0.00043892860412597656
0.00044798851013183594
0.0003757476806640625
0.0003895759582519531
0.0003924369812011719
0.00040149688720703125
0.0004718303680419922
0.00039076805114746094
0.00046825408935546875
0.0003886222839355469
0.00038552284240722656
0.0003809928894042969
0.0003814697265625
0.0003943443298339844
0.00042891502380371094
0.0004875659942626953
0.00046563148498535156
0.0003986358642578125
0.0004138946533203125
0.0004711151123046875
0.00045943260192871094
0.0004642009735107422
0.0003838539123535156
0.0003871917724609375
0.0005273818969726563
0.00038695335388183594
0.00046324729919433594
0.00038552284240722656
0.0004336833953857422
0.0004451274871826172
0.00046539306640625
0.00038170814514160156
0.00038170814514160156
0.00036978721618652344
0.00039005279541015625
0.00039958953857421875
0.0004889965057373047
0.0004036426544189453
0.0004031658172607422
0.0004391670227050781
0.0004143714904785156
0.0004420280456542969
0.0004792213439941406
0.0004725456237792969
0.0004515647888183594
0.0004634857177734375
0.00039958953857421875
0.00048613548278808594
0.0004634857177734375
0.00039839744567871094
0.00039505958557128906
0.0004220008850097656
0.00048828125
0.00046563148498535156
0.0004611015319824219
0.0004153251647949219
0.00040030479431152344
0.0004696846008300781
0.00040030479431152344
0.0004603862762451172
0.0004813671112060547
0.0004923343658447266
0.0004284381866455078
0.0004811286926269531
0.00046825408935546875
0.0005245208740234375
0.0005018711090087891
0.0005238056182861328
0.0005409717559814453
0.0005054473876953125
0.0004858970642089844
0.0004887580871582031
0.0004918575286865234
0.00040721893310546875
0.0004992485046386719
0.0005013942718505859
0.0004851818084716797
0.0004928112030029297
0.0005085468292236328
0.000492095947265625
0.0004878044128417969
0.0005679130554199219
0.0005772113800048828
0.0005853176116943359
0.0005109310150146484
0.000514984130859375
0.0004932880401611328
0.000492095947265625
0.0005221366882324219
0.0005574226379394531
0.0005054473876953125
0.0005061626434326172
0.000499725341796875
0.000522613525390625
0.0004811286926269531
0.0005009174346923828
0.0005979537963867188
0.0005905628204345703
0.0004971027374267578
0.0005829334259033203
0.0005285739898681641
0.0005328655242919922
0.0005657672882080078
0.0005741119384765625
0.000514984130859375
0.0005676746368408203
0.0005240440368652344
0.0005848407745361328
0.0006132125854492188
0.0005958080291748047
0.0005447864532470703
0.0005457401275634766
0.0005490779876708984
0.0005238056182861328
0.0005540847778320313
0.0005412101745605469
0.000553131103515625
0.0006318092346191406
0.0006175041198730469
0.0006320476531982422
0.0005481243133544922
0.0005526542663574219
0.0006279945373535156
0.0006036758422851563
0.0006091594696044922
0.0005784034729003906
0.0006453990936279297
0.0006518363952636719
0.0006053447723388672
0.0006244182586669922
0.0005433559417724609
0.0005674362182617188
0.0005433559417724609
0.0005540847778320313
0.0005791187286376953
0.0005965232849121094
0.0006666183471679688
0.0005753040313720703
0.0005981922149658203
0.0005831718444824219
0.0006914138793945313
0.0005772113800048828
0.0006783008575439453
0.0005831718444824219
0.0006566047668457031
0.0005879402160644531
0.0006725788116455078
0.0006687641143798828
0.0006787776947021484
0.0006232261657714844
0.000621795654296875
0.0006351470947265625
0.0006151199340820313
0.0006761550903320313
0.0006101131439208984
0.0005915164947509766
0.0005867481231689453
0.0006394386291503906
0.0006089210510253906
0.0006389617919921875
0.0007069110870361328
0.0007171630859375
0.0006227493286132813
0.0006606578826904297
0.0006365776062011719
0.0006682872772216797
0.0006420612335205078
0.0006613731384277344
0.0006580352783203125
0.0006561279296875
0.0006411075592041016
0.0006537437438964844
0.000743865966796875
0.0007381439208984375
0.0006561279296875
0.0006158351898193359
0.000640869140625
0.000629425048828125
0.0006687641143798828
0.0007567405700683594
0.0007340908050537109
0.0006771087646484375
0.0007436275482177734
0.0006742477416992188
0.0006902217864990234
0.0006694793701171875
0.0007421970367431641
0.0006475448608398438
0.0008347034454345703
0.0006842613220214844
0.0007495880126953125
0.0008170604705810547
0.0006940364837646484
0.0006947517395019531
0.00070953369140625
0.00080108642578125
0.0008382797241210938
0.0007565021514892578
0.0007257461547851563
0.0007452964782714844
0.0007264614105224609
0.0007505416870117188
0.0007562637329101563
0.0008192062377929688
0.0008082389831542969
0.0007853507995605469
0.0007419586181640625
0.0007395744323730469
0.0007975101470947266
0.0007517337799072266
0.0007307529449462891
0.0008494853973388672
0.00074005126953125
0.0007526874542236328
0.0008080005645751953
0.0007448196411132813
0.0007870197296142578
0.0007717609405517578
0.0008037090301513672
0.0008189678192138672
0.0008144378662109375
0.0008063316345214844
0.0008983612060546875
0.0008556842803955078
0.0008285045623779297
0.0008051395416259766
0.0007746219635009766
0.0008041858673095703
0.0007977485656738281
0.0008225440979003906
0.0008223056793212891
0.0008370876312255859
0.0008368492126464844
0.0008389949798583984
0.0008320808410644531
0.0008311271667480469
0.0008225440979003906
0.0008299350738525391
0.0009832382202148438
0.0008349418640136719
0.0008459091186523438
0.0008733272552490234
0.0008504390716552734
0.0009553432464599609
0.0008575916290283203
0.0009629726409912109
0.0009648799896240234
0.0009741783142089844
0.0009491443634033203
0.0008616447448730469
0.0008656978607177734
0.00090789794921875
0.0008883476257324219
