0.0017006397247314453
0.00026416778564453125
0.0002484321594238281
0.0002570152282714844
0.000255584716796875
0.0002841949462890625
0.00026607513427734375
0.00027823448181152344
0.0002639293670654297
0.0002562999725341797
0.0002682209014892578
0.00025534629821777344
0.0002589225769042969
0.0002593994140625
0.000263214111328125
0.00024437904357910156
0.0002570152282714844
0.0002770423889160156
0.00026726722717285156
0.0002715587615966797
0.00027632713317871094
0.0002689361572265625
0.0002689361572265625
0.0002760887145996094
0.0002837181091308594
0.0002834796905517578
0.0002720355987548828
0.00027179718017578125
0.0002582073211669922
0.0002675056457519531
0.00026154518127441406
0.00027561187744140625
0.0002677440643310547
0.00025272369384765625
0.000255584716796875
0.000274658203125
0.0002696514129638672
0.00025534629821777344
0.0002791881561279297
0.00026416778564453125
0.0002551078796386719
0.0002827644348144531
0.0002720355987548828
0.0002963542938232422
0.00028204917907714844
0.0002589225769042969
0.0002741813659667969
0.00027441978454589844
0.0002696514129638672
0.0002772808074951172
0.0002715587615966797
0.0002658367156982422
0.00027751922607421875
0.0002799034118652344
0.0002658367156982422
0.0002777576446533203
0.00027632713317871094
0.0002846717834472656
0.00028514862060546875
0.00026607513427734375
0.0002777576446533203
0.00026988983154296875
0.0002627372741699219
0.0003056526184082031
0.0002689361572265625
0.0002694129943847656
0.0002739429473876953
0.00026726722717285156
0.0002675056457519531
0.0002779960632324219
0.0002799034118652344
0.0002770423889160156
0.0002720355987548828
0.0002722740173339844
0.00027823448181152344
0.0002753734588623047
0.00027108192443847656
0.0002675056457519531
0.00027179718017578125
0.0002741813659667969
0.00026798248291015625
0.0002574920654296875
0.00026702880859375
0.0002613067626953125
0.0002677440643310547
0.0002720355987548828
0.0002548694610595703
0.00026488304138183594
0.000255584716796875
0.00028204917907714844
0.0002779960632324219
0.0002696514129638672
0.0002760887145996094
0.00026702880859375
0.0002727508544921875
0.0002560615539550781
0.00026106834411621094
0.0002720355987548828
0.0002651214599609375
0.00028514862060546875
0.0002522468566894531
0.0002734661102294922
0.0002586841583251953
0.0002713203430175781
0.0002815723419189453
0.0002815723419189453
0.0002803802490234375
0.00026488304138183594
0.0002770423889160156
0.0002624988555908203
0.00028061866760253906
0.00027680397033691406
0.0002644062042236328
0.0002663135528564453
0.0002770423889160156
0.00026416778564453125
0.0002694129943847656
0.0002605915069580078
0.0002722740173339844
0.00028324127197265625
0.00028586387634277344
0.000286102294921875
0.000263214111328125
0.0002865791320800781
0.0002887248992919922
0.0002675056457519531
0.00028586387634277344
0.0002722740173339844
0.0002880096435546875
0.0002892017364501953
0.0002815723419189453
0.0002894401550292969
0.00026917457580566406
0.0002658367156982422
0.00028395652770996094
0.00029397010803222656
0.00027942657470703125
0.0002765655517578125
0.0002696514129638672
0.0002906322479248047
0.00027751922607421875
0.00026988983154296875
0.00027108192443847656
0.0002732276916503906
0.00027632713317871094
0.00028634071350097656
0.00027060508728027344
0.00028204917907714844
0.00027632713317871094
0.0002739429473876953
0.00027751922607421875
0.0002849102020263672
0.0002739429473876953
0.00026702880859375
0.0002677440643310547
0.00028204917907714844
0.0002765655517578125
0.00027441978454589844
0.0002770423889160156
0.0002703666687011719
0.00027871131896972656
0.000274658203125
0.0002837181091308594
0.00027108192443847656
0.00027060508728027344
0.000274658203125
0.0002765655517578125
0.0002834796905517578
0.00026679039001464844
0.00029397010803222656
0.0002799034118652344
0.00028514862060546875
0.0002789497375488281
0.0002837181091308594
0.00029730796813964844
0.000263214111328125
0.00029540061950683594
0.00027561187744140625
0.000293731689453125
0.00027751922607421875
0.0003094673156738281
0.0002999305725097656
0.00025844573974609375
0.0002834796905517578
0.00030231475830078125
0.00028228759765625
0.000270843505859375
0.000270843505859375
0.00026917457580566406
0.00028967857360839844
0.00026726722717285156
0.0002617835998535156
0.0002734661102294922
0.0002636909484863281
0.00026154518127441406
0.00026416778564453125
0.00027298927307128906
0.00027871131896972656
0.0002665519714355469
0.00026798248291015625
0.00028061866760253906
0.0002865791320800781
0.00027632713317871094
0.0002722740173339844
0.00029206275939941406
0.0002589225769042969
0.00026798248291015625
0.00027370452880859375
0.00025463104248046875
0.0002598762512207031
0.00027871131896972656
0.00027108192443847656
0.0002772808074951172
0.0002713203430175781
0.0002646446228027344
0.0002682209014892578
0.00028133392333984375
0.0002727508544921875
0.0002760887145996094
0.00028014183044433594
0.00026416778564453125
0.00028014183044433594
0.00026035308837890625
0.00028634071350097656
0.0002884864807128906
0.00027298927307128906
0.0002799034118652344
0.0002841949462890625
0.00027871131896972656
0.0002734661102294922
0.00028228759765625
0.00027251243591308594
0.00026226043701171875
0.0003046989440917969
0.0002536773681640625
0.00027561187744140625
0.00028443336486816406
0.0002682209014892578
0.0002741813659667969
0.0002713203430175781
0.000270843505859375
0.00025582313537597656
0.0002982616424560547
0.0002827644348144531
0.00027108192443847656
0.00028967857360839844
0.0002818107604980469
0.00032591819763183594
0.000316619873046875
0.00026726722717285156
0.00029587745666503906
0.00028395652770996094
0.000270843505859375
0.0002460479736328125
0.0002841949462890625
0.00026035308837890625
0.00031256675720214844
0.0002777576446533203
0.0003361701965332031
0.0003490447998046875
0.0002675056457519531
0.00026988983154296875
0.00030612945556640625
0.00026917457580566406
0.000293731689453125
0.0002830028533935547
0.0002684593200683594
0.00027489662170410156
0.00024890899658203125
0.00027632713317871094
0.0002739429473876953
0.0003027915954589844
0.00027370452880859375
0.00028705596923828125
0.0002732276916503906
0.0002810955047607422
0.00026869773864746094
0.0002472400665283203
0.00027489662170410156
0.0002601146697998047
0.0002765655517578125
0.000293731689453125
0.0002620220184326172
0.00027751922607421875
0.00027561187744140625
0.00027942657470703125
0.0002818107604980469
0.0002899169921875
0.0003020763397216797
0.0002601146697998047
0.00026535987854003906
0.0003426074981689453
0.0002646446228027344
0.00029969215393066406
0.00026917457580566406
0.000255584716796875
0.0002899169921875
0.00026607513427734375
0.0002894401550292969
0.00026607513427734375
0.0002655982971191406
0.0002574920654296875
0.0002765655517578125
0.00031280517578125
0.00028133392333984375
0.0003037452697753906
0.00027680397033691406
0.0002593994140625
0.0002512931823730469
0.00026726722717285156
0.0002646446228027344
0.0002677440643310547
0.00027060508728027344
0.000301361083984375
0.0002739429473876953
0.0003268718719482422
0.0002593994140625
0.0002918243408203125
0.0002865791320800781
0.00026988983154296875
0.00029087066650390625
0.0003464221954345703
0.0002884864807128906
0.00028443336486816406
0.00026988983154296875
0.0002894401550292969
0.00029277801513671875
0.00034308433532714844
0.00028014183044433594
0.0002639293670654297
0.0002663135528564453
0.00029206275939941406
0.0002753734588623047
0.00028228759765625
0.00026869773864746094
0.00026607513427734375
0.0002827644348144531
0.00027632713317871094
0.00028324127197265625
0.00028014183044433594
0.00028133392333984375
0.00025010108947753906
0.0003421306610107422
0.0002779960632324219
0.0002593994140625
0.0003063678741455078
0.00026416778564453125
0.00028204917907714844
0.0002620220184326172
0.00029277801513671875
0.00035834312438964844
0.0002567768096923828
0.00038170814514160156
0.0002808570861816406
0.00037360191345214844
0.000331878662109375
0.0003528594970703125
0.00027632713317871094
0.00027561187744140625
0.00029015541076660156
0.00029540061950683594
0.0002605915069580078
0.00030159950256347656
0.00027441978454589844
0.0002880096435546875
0.00026917457580566406
0.0002779960632324219
0.0003161430358886719
0.0002770423889160156
0.00028634071350097656
0.0003006458282470703
0.00028133392333984375
0.0003037452697753906
0.00028324127197265625
0.00028395652770996094
0.000347137451171875
0.0003333091735839844
0.00028896331787109375
0.0003135204315185547
0.0002808570861816406
0.00027060508728027344
0.0002951622009277344
0.0002818107604980469
0.0002968311309814453
0.00028967857360839844
0.0003085136413574219
0.0002732276916503906
0.00027251243591308594
0.00028634071350097656
0.0003681182861328125
0.0002880096435546875
0.0002906322479248047
0.000293731689453125
0.0003631114959716797
0.0002655982971191406
0.0002961158752441406
0.0003151893615722656
0.0002675056457519531
0.0002894401550292969
0.0002694129943847656
0.00036072731018066406
0.00026297569274902344
0.00028967857360839844
0.00028514862060546875
0.00026869773864746094
0.00028777122497558594
0.00026988983154296875
0.0002799034118652344
0.000270843505859375
0.00030350685119628906
0.00028586387634277344
0.000301361083984375
0.00026535987854003906
0.0002696514129638672
0.0002753734588623047
0.0002636909484863281
0.000263214111328125
0.00027489662170410156
0.0002770423889160156
0.00026226043701171875
0.0003457069396972656
0.00028586387634277344
0.00030517578125
0.0002925395965576172
0.0003554821014404297
0.0002620220184326172
0.00028586387634277344
0.00034928321838378906
0.00030541419982910156
0.00030517578125
0.0002646446228027344
0.0002770423889160156
0.0002799034118652344
0.00025963783264160156
0.0003478527069091797
0.0002899169921875
0.00026798248291015625
0.0002772808074951172
0.0002770423889160156
0.0003209114074707031
0.0003113746643066406
0.00029659271240234375
0.0002872943878173828
0.000274658203125
0.00026607513427734375
0.0002865791320800781
0.00030684471130371094
0.00028443336486816406
0.00027298927307128906
0.00029778480529785156
0.0002987384796142578
0.0002779960632324219
0.00026988983154296875
0.0002841949462890625
0.0002961158752441406
0.00029349327087402344
0.0002796649932861328
0.00026607513427734375
0.000293731689453125
0.00026416778564453125
0.0002913475036621094
0.00028133392333984375
0.0002689361572265625
0.00027680397033691406
0.0002925395965576172
0.00026607513427734375
0.00028014183044433594
0.0002586841583251953
0.00026535987854003906
0.0003108978271484375
0.0002727508544921875
0.0003349781036376953
0.0002791881561279297
0.00029015541076660156
0.00030112266540527344
0.0003638267517089844
0.00029754638671875
0.000270843505859375
0.00025582313537597656
0.00034308433532714844
0.0002884864807128906
0.00028896331787109375
0.0002734661102294922
0.0002849102020263672
0.00029540061950683594
0.00025963783264160156
0.0002830028533935547
0.0003528594970703125
0.00026488304138183594
0.0003032684326171875
0.0002872943878173828
0.0002930164337158203
0.0002980232238769531
0.0002789497375488281
0.0002758502960205078
0.000274658203125
0.0003666877746582031
0.0002777576446533203
0.0002644062042236328
0.0003399848937988281
