0.026512622833251953
0.00038909912109375
0.0004105567932128906
0.0003707408905029297
0.00037598609924316406
0.00037741661071777344
0.00037550926208496094
0.00037670135498046875
0.0003769397735595703
0.00039315223693847656
0.00037407875061035156
0.00038123130798339844
0.00038909912109375
0.0003771781921386719
0.00036835670471191406
0.0004048347473144531
0.0003731250762939453
0.00038123130798339844
0.0003771781921386719
0.0003814697265625
0.00037860870361328125
0.0003705024719238281
0.00037980079650878906
0.0003838539123535156
0.00037741661071777344
0.0003795623779296875
0.0003771781921386719
0.00037550926208496094
0.0003712177276611328
0.0003757476806640625
0.00037169456481933594
0.0003719329833984375
0.00037980079650878906
0.0003590583801269531
0.0003628730773925781
0.00037598609924316406
0.00035643577575683594
0.0003516674041748047
0.0003731250762939453
0.00037384033203125
0.0003509521484375
0.00037479400634765625
0.0003829002380371094
0.0003807544708251953
0.0003485679626464844
0.0003654956817626953
0.00038051605224609375
0.00035691261291503906
0.00037550926208496094
0.00037288665771484375
0.00037169456481933594
0.0003781318664550781
0.00038433074951171875
0.0003743171691894531
0.00040340423583984375
0.0003714561462402344
0.0003788471221923828
0.0003795623779296875
0.00037860870361328125
0.00038552284240722656
0.00040221214294433594
0.000377655029296875
0.0003654956817626953
0.0003681182861328125
0.00038313865661621094
0.0003771781921386719
0.0003840923309326172
0.00037479400634765625
0.0003857612609863281
0.00037932395935058594
0.0003845691680908203
0.0003876686096191406
0.0003809928894042969
0.0003726482391357422
0.00036835670471191406
0.0003712177276611328
0.0003876686096191406
0.0003769397735595703
0.0003762245178222656
0.0004019737243652344
0.00037288665771484375
0.0003662109375
0.0003724098205566406
0.0003979206085205078
0.0003750324249267578
0.0003914833068847656
0.00038123130798339844
0.00037217140197753906
0.000377655029296875
0.0003867149353027344
0.0003750324249267578
0.0003867149353027344
0.00039768218994140625
0.0003848075866699219
0.00037860870361328125
0.0003771781921386719
0.00038242340087890625
0.0003790855407714844
0.0003802776336669922
0.00038170814514160156
0.0003826618194580078
0.000377655029296875
0.0003750324249267578
0.0003867149353027344
0.00039458274841308594
0.00038695335388183594
0.0003871917724609375
0.0004012584686279297
0.00037360191345214844
0.0003802776336669922
0.0003857612609863281
0.00038433074951171875
0.00038313865661621094
0.000392913818359375
0.00038361549377441406
0.0003771781921386719
0.0003821849822998047
0.00039124488830566406
0.0003941059112548828
0.00038886070251464844
0.0004112720489501953
0.0003962516784667969
0.0003917217254638672
0.00039005279541015625
0.0003886222839355469
0.00040984153747558594
0.0004010200500488281
0.0004010200500488281
0.00040221214294433594
0.0003924369812011719
0.00039577484130859375
0.00039315223693847656
0.00039076805114746094
0.0003867149353027344
0.0004036426544189453
0.0003933906555175781
0.0003898143768310547
0.00039386749267578125
0.0004019737243652344
0.000392913818359375
0.00040340423583984375
0.00038814544677734375
0.0003886222839355469
0.00039196014404296875
0.0003948211669921875
0.00039267539978027344
0.0004229545593261719
0.0003979206085205078
0.0003955364227294922
0.0003917217254638672
0.0003914833068847656
0.0004074573516845703
0.00039577484130859375
0.0004105567932128906
0.00039005279541015625
0.00039839744567871094
0.0003960132598876953
0.0004189014434814453
0.000408172607421875
0.0003819465637207031
0.00039005279541015625
0.00039696693420410156
0.0003921985626220703
0.00040984153747558594
0.00039958953857421875
0.0004012584686279297
0.00042176246643066406
0.0003914833068847656
0.00039839744567871094
0.000392913818359375
0.0003972053527832031
0.0004096031188964844
0.00042629241943359375
0.00041031837463378906
0.0004010200500488281
0.00041031837463378906
0.0003972053527832031
0.0004112720489501953
0.00041294097900390625
0.00039839744567871094
0.0004277229309082031
0.00039887428283691406
0.00041866302490234375
0.00040984153747558594
0.0004279613494873047
0.00040340423583984375
0.00040078163146972656
0.0003914833068847656
0.00040030479431152344
0.0004181861877441406
0.0003972053527832031
0.0003941059112548828
0.00039839744567871094
0.00039196014404296875
0.0003936290740966797
0.00039649009704589844
0.00041103363037109375
0.00041484832763671875
0.0004096031188964844
0.0004105567932128906
0.0004134178161621094
0.0004057884216308594
0.0004067420959472656
0.00041174888610839844
0.0004107952117919922
0.0003876686096191406
0.00039386749267578125
0.0004074573516845703
0.000396728515625
0.0003952980041503906
0.0003962516784667969
0.0004000663757324219
0.0004031658172607422
0.0003998279571533203
0.00040531158447265625
0.0004029273986816406
0.00040030479431152344
0.0004036426544189453
0.0004067420959472656
0.00040411949157714844
0.0003910064697265625
0.00040984153747558594
0.000385284423828125
0.0004150867462158203
0.0004220008850097656
0.0004112720489501953
0.0004761219024658203
0.0004260540008544922
0.0004115104675292969
0.0003955364227294922
0.0004057884216308594
0.00042057037353515625
0.00040602684020996094
0.0004200935363769531
0.0003981590270996094
0.0004138946533203125
0.0003948211669921875
0.00040268898010253906
0.00040221214294433594
0.0004029273986816406
0.0004036426544189453
0.00041747093200683594
0.0004115104675292969
0.0004134178161621094
0.0003998279571533203
0.0004143714904785156
0.00042057037353515625
0.00040841102600097656
0.0004143714904785156
0.0004162788391113281
0.0004124641418457031
0.0004436969757080078
0.00041961669921875
0.0003952980041503906
0.0004105567932128906
0.0004124641418457031
0.0004093647003173828
0.000400543212890625
0.0004076957702636719
0.0004177093505859375
0.00041222572326660156
0.0004062652587890625
0.0004379749298095703
0.0004107952117919922
0.00042176246643066406
0.0004215240478515625
0.00042057037353515625
0.0004215240478515625
0.00040149688720703125
0.00042247772216796875
0.0004055500030517578
0.000423431396484375
0.00041222572326660156
0.00042128562927246094
0.00039958953857421875
0.0004131793975830078
0.00041556358337402344
0.00041031837463378906
0.00041937828063964844
0.0004036426544189453
0.00046634674072265625
0.0004191398620605469
0.0004296302795410156
0.00040984153747558594
0.0004184246063232422
0.00043082237243652344
0.0004146099090576172
0.0004177093505859375
0.0004355907440185547
0.000408172607421875
0.00041174888610839844
0.0004143714904785156
0.0004229545593261719
0.00042510032653808594
0.0004146099090576172
0.0004248619079589844
0.0004248619079589844
0.000396728515625
0.000423431396484375
0.0004425048828125
0.0004210472106933594
0.0004248619079589844
0.00042366981506347656
0.0003943443298339844
0.0004210472106933594
0.0004210472106933594
0.0004279613494873047
0.0004124641418457031
0.0004038810729980469
0.00044918060302734375
0.00042057037353515625
0.0004260540008544922
0.000423431396484375
0.0004303455352783203
0.0004265308380126953
0.0004017353057861328
0.00040912628173828125
0.00044155120849609375
0.0004172325134277344
0.00043010711669921875
0.0004265308380126953
0.00043320655822753906
0.0004303455352783203
0.0004303455352783203
0.00042629241943359375
0.0004227161407470703
0.0004284381866455078
0.00041103363037109375
0.00041747093200683594
0.0004296302795410156
0.0004096031188964844
0.0004382133483886719
0.0004277229309082031
0.00043010711669921875
0.0004162788391113281
0.0004112720489501953
0.0004296302795410156
0.0004215240478515625
0.00041604042053222656
0.0004215240478515625
0.0004076957702636719
0.00041103363037109375
0.0004057884216308594
0.0004200935363769531
0.0004076957702636719
0.0004200935363769531
0.0004138946533203125
0.0004296302795410156
0.0004200935363769531
0.0004203319549560547
0.00041794776916503906
0.0004076957702636719
0.0004241466522216797
0.0004177093505859375
0.000423431396484375
0.0004074573516845703
0.0004363059997558594
0.0004172325134277344
0.0004334449768066406
0.0004398822784423828
0.0004305839538574219
0.0004172325134277344
0.00041103363037109375
0.0004208087921142578
0.00042819976806640625
0.00041103363037109375
0.0004227161407470703
0.000423431396484375
0.0004265308380126953
0.0004222393035888672
0.00045108795166015625
0.00045609474182128906
0.0004258155822753906
0.0004277229309082031
0.00041222572326660156
0.0004229545593261719
0.0003972053527832031
0.000431060791015625
0.0004336833953857422
0.00044465065002441406
0.0003795623779296875
0.0004355907440185547
0.0004246234893798828
0.00043463706970214844
0.0004279613494873047
0.0004401206970214844
0.00041747093200683594
0.0004112720489501953
0.0004286766052246094
0.0004291534423828125
0.00043201446533203125
0.00042939186096191406
0.0004436969757080078
0.00042557716369628906
0.0004172325134277344
0.0004265308380126953
0.00043511390686035156
0.00042366981506347656
0.0004372596740722656
0.0004291534423828125
0.0004169940948486328
0.0004520416259765625
0.00044918060302734375
0.00043702125549316406
0.00042057037353515625
0.0004105567932128906
0.0004374980926513672
0.0004253387451171875
0.00043964385986328125
0.00043320655822753906
0.0004487037658691406
0.00043463706970214844
0.00041556358337402344
0.0004184246063232422
0.0004229545593261719
0.00041556358337402344
0.00041222572326660156
0.0004341602325439453
0.0004162788391113281
0.0003917217254638672
0.00041604042053222656
0.00041365623474121094
0.0004184246063232422
0.00043272972106933594
0.00044083595275878906
0.0004127025604248047
0.00042366981506347656
0.00040841102600097656
0.00042891502380371094
0.00043201446533203125
0.0004475116729736328
0.0003981590270996094
0.000438690185546875
0.00042366981506347656
0.0004203319549560547
0.0004353523254394531
0.0004181861877441406
0.00041365623474121094
0.0004055500030517578
0.0004267692565917969
0.0004315376281738281
0.0004343986511230469
0.00041794776916503906
0.0004203319549560547
0.0004208087921142578
0.00042819976806640625
0.0004367828369140625
0.00042438507080078125
0.0004134178161621094
0.0004420280456542969
0.0004343986511230469
0.0004165172576904297
0.0004239082336425781
0.00043702125549316406
0.0004343986511230469
0.0004482269287109375
0.0004367828369140625
0.0004162788391113281
0.0004527568817138672
0.0004260540008544922
0.00042510032653808594
0.0004444122314453125
0.00044035911560058594
0.00042438507080078125
0.0004341602325439453
0.0004343986511230469
0.000438690185546875
0.0004134178161621094
0.0004367828369140625
0.000438690185546875
0.00042176246643066406
0.0004138946533203125
0.0004239082336425781
0.0004336833953857422
0.00045800209045410156
0.0004210472106933594
0.00043702125549316406
0.0004456043243408203
0.00041985511779785156
0.00041222572326660156
0.0004253387451171875
0.0004405975341796875
0.0004138946533203125
0.00042891502380371094
0.0004379749298095703
0.0004010200500488281
0.0004291534423828125
0.00042557716369628906
0.0004220008850097656
0.0004343986511230469
0.00043892860412597656
0.0004367828369140625
0.0004432201385498047
0.0004222393035888672
0.0004360675811767578
0.00043654441833496094
0.00042319297790527344
0.0004353523254394531
0.0004277229309082031
0.0004200935363769531
