0.020581722259521484
0.0003273487091064453
0.00032138824462890625
0.0003066062927246094
0.0003254413604736328
0.00032973289489746094
0.0003254413604736328
0.00032329559326171875
0.00032711029052734375
0.0003325939178466797
0.00032591819763183594
0.00033092498779296875
0.00033164024353027344
0.00032401084899902344
0.0003509521484375
0.00032591819763183594
0.00033211708068847656
0.00032806396484375
0.0003142356872558594
0.0003390312194824219
0.0003294944763183594
0.00033545494079589844
0.0003390312194824219
0.0003287792205810547
0.00032401084899902344
0.0003478527069091797
0.0003337860107421875
0.0003414154052734375
0.00032973289489746094
0.00034546852111816406
0.0003237724304199219
0.0003402233123779297
0.0003159046173095703
0.0003209114074707031
0.00034880638122558594
0.0003223419189453125
0.0003216266632080078
0.0003261566162109375
0.0003364086151123047
0.00033783912658691406
0.0003330707550048828
0.0003304481506347656
0.00032901763916015625
0.00032711029052734375
0.0003254413604736328
0.0003554821014404297
0.00033092498779296875
0.00033164024353027344
0.00031566619873046875
0.0003368854522705078
0.00035190582275390625
0.0003376007080078125
0.0003199577331542969
0.000335693359375
0.0003311634063720703
0.0003559589385986328
0.00033402442932128906
0.00032973289489746094
0.0003325939178466797
0.00034117698669433594
0.00033974647521972656
0.00033926963806152344
0.0003342628479003906
0.00033974647521972656
0.0003273487091064453
0.000335693359375
0.0003273487091064453
0.0003561973571777344
0.00033092498779296875
0.00034165382385253906
0.0003266334533691406
0.0003390312194824219
0.0003497600555419922
0.0003571510314941406
0.00033855438232421875
0.0003345012664794922
0.0003268718719482422
0.0003287792205810547
0.0003516674041748047
0.00033283233642578125
0.00033473968505859375
0.000324249267578125
0.0003402233123779297
0.0003218650817871094
0.00032711029052734375
0.0003349781036376953
0.0003459453582763672
0.0003402233123779297
0.00032711029052734375
0.0003402233123779297
0.000331878662109375
0.0003218650817871094
0.0003466606140136719
0.00033783912658691406
0.00034427642822265625
0.00033020973205566406
0.00034880638122558594
0.00034308433532714844
0.00032806396484375
0.00033855438232421875
0.0003452301025390625
0.00032830238342285156
0.0003266334533691406
0.0003447532653808594
0.000316619873046875
0.00032973289489746094
0.0003368854522705078
0.0003380775451660156
0.0003414154052734375
0.00032520294189453125
0.00034046173095703125
0.0003209114074707031
0.00033402442932128906
0.0003287792205810547
0.0003452301025390625
0.0003445148468017578
0.0003437995910644531
0.0003407001495361328
0.00033402442932128906
0.00034236907958984375
0.0003409385681152344
0.00032401084899902344
0.0003266334533691406
0.00033402442932128906
0.0003345012664794922
0.0003514289855957031
0.00034809112548828125
0.00032711029052734375
0.0003139972686767578
0.0003314018249511719
0.00033855438232421875
0.0003421306610107422
0.0003337860107421875
0.0003306865692138672
0.0003311634063720703
0.00033092498779296875
0.0003314018249511719
0.0003445148468017578
0.000339508056640625
0.00034236907958984375
0.00032711029052734375
0.00034618377685546875
0.0003452301025390625
0.0003445148468017578
0.0003261566162109375
0.00032401084899902344
0.0003364086151123047
0.00032329559326171875
0.0003237724304199219
0.00032591819763183594
0.0003426074981689453
0.00033473968505859375
0.0003464221954345703
0.00033211708068847656
0.0003535747528076172
0.0003666877746582031
0.000335693359375
0.0003418922424316406
0.0003635883331298828
0.0003364086151123047
0.0003349781036376953
0.0003437995910644531
0.00032901763916015625
0.0003483295440673828
0.00035262107849121094
0.00034689903259277344
0.0003249645233154297
0.0003376007080078125
0.00034737586975097656
0.0003275871276855469
0.00034117698669433594
0.00034928321838378906
0.00034356117248535156
0.000335693359375
0.0003409385681152344
0.00033664703369140625
0.00033211708068847656
0.0003256797790527344
0.0003407001495361328
0.00032210350036621094
0.0003459453582763672
0.0003311634063720703
0.0003426074981689453
0.000347137451171875
0.000347137451171875
0.0003514289855957031
0.00034117698669433594
0.00034427642822265625
0.0003311634063720703
0.00033283233642578125
0.0003287792205810547
0.00035858154296875
0.0003376007080078125
0.00034165382385253906
0.0003402233123779297
0.00036215782165527344
0.00033283233642578125
0.0003509521484375
0.0003325939178466797
0.00033211708068847656
0.00033354759216308594
0.00034737586975097656
0.00033020973205566406
0.00034880638122558594
0.0003376007080078125
0.0003421306610107422
0.00034308433532714844
0.00034117698669433594
0.0003376007080078125
0.0003342628479003906
0.00033593177795410156
0.0003311634063720703
0.00034332275390625
0.0003333091735839844
0.00034236907958984375
0.0003223419189453125
0.0003390312194824219
0.00034689903259277344
0.0003452301025390625
0.0003437995910644531
0.00035572052001953125
0.0003314018249511719
0.0003495216369628906
0.00032448768615722656
0.00034809112548828125
0.0003407001495361328
0.0003380775451660156
0.0003337860107421875
0.0003426074981689453
0.00034999847412109375
0.00033402442932128906
0.0003211498260498047
0.00033473968505859375
0.0003459453582763672
0.00032711029052734375
0.00033402442932128906
0.00033593177795410156
0.0003516674041748047
0.0003376007080078125
0.0003459453582763672
0.0003349781036376953
0.0003445148468017578
0.0003509521484375
0.0003495216369628906
0.00035881996154785156
0.0003342628479003906
0.0003409385681152344
0.0003180503845214844
0.0003509521484375
0.00033664703369140625
0.00034737586975097656
0.00033593177795410156
0.00033855438232421875
0.00035881996154785156
0.000335693359375
0.0003485679626464844
0.0003407001495361328
0.00033783912658691406
0.0003428459167480469
0.00035119056701660156
0.0003478527069091797
0.00034117698669433594
0.0003437995910644531
0.00034880638122558594
0.00033473968505859375
0.0003376007080078125
0.0003418922424316406
0.0003256797790527344
0.0003399848937988281
0.0003418922424316406
0.0003483295440673828
0.00035500526428222656
0.0003390312194824219
0.00035190582275390625
0.0003535747528076172
0.0003571510314941406
0.0003371238708496094
0.00035381317138671875
0.0003592967987060547
0.0003523826599121094
0.0003840923309326172
0.0003304481506347656
0.0003769397735595703
0.0003521442413330078
0.00037932395935058594
0.00036072731018066406
0.00035500526428222656
0.0003294944763183594
0.00033974647521972656
0.0003509521484375
0.0003428459167480469
0.0003292560577392578
0.00035309791564941406
0.0003337860107421875
0.0003459453582763672
0.0003330707550048828
0.0003535747528076172
0.00034546852111816406
0.0003495216369628906
0.0003447532653808594
0.0003409385681152344
0.00034546852111816406
0.0003390312194824219
0.0003802776336669922
0.0003333091735839844
0.0003504753112792969
0.00033211708068847656
0.00034928321838378906
0.0003325939178466797
0.0003597736358642578
0.00033545494079589844
0.0003600120544433594
0.00036144256591796875
0.0003390312194824219
0.0003502368927001953
0.0003371238708496094
0.00033473968505859375
0.000331878662109375
0.0003504753112792969
0.00034689903259277344
0.00035071372985839844
0.0003414154052734375
0.0003504753112792969
0.0003387928009033203
0.0003445148468017578
0.0003693103790283203
0.00036406517028808594
0.0003571510314941406
0.00037932395935058594
0.0003466606140136719
0.0003502368927001953
0.0003452301025390625
0.000331878662109375
0.0003399848937988281
0.00035500526428222656
0.00035190582275390625
0.00034499168395996094
0.0003364086151123047
0.00035500526428222656
0.0003509521484375
0.0003514289855957031
0.0003380775451660156
0.000354766845703125
0.000339508056640625
0.00034332275390625
0.00034928321838378906
0.00033926963806152344
0.0003540515899658203
0.00034236907958984375
0.00036144256591796875
0.000335693359375
0.0003466606140136719
0.0003533363342285156
0.00034308433532714844
0.00033664703369140625
0.0003523826599121094
0.0003311634063720703
0.00036334991455078125
0.00035119056701660156
0.0003495216369628906
0.0003437995910644531
0.00036334991455078125
0.0003523826599121094
0.00033974647521972656
0.0003352165222167969
0.0003371238708496094
0.0003368854522705078
0.00033473968505859375
0.00034427642822265625
0.0003330707550048828
0.00034546852111816406
0.00035381317138671875
0.00034499168395996094
0.00033402442932128906
0.0003554821014404297
0.0003478527069091797
0.00035953521728515625
0.0003402233123779297
0.0003497600555419922
0.00033354759216308594
0.0003325939178466797
0.00034880638122558594
0.0003349781036376953
0.00035071372985839844
0.0003447532653808594
0.0003428459167480469
0.00035262107849121094
0.0003440380096435547
0.0003261566162109375
0.00035643577575683594
0.0003609657287597656
0.00035381317138671875
0.0003466606140136719
0.0003647804260253906
0.0003523826599121094
0.00033545494079589844
0.00034308433532714844
0.0003421306610107422
0.0003552436828613281
0.0003447532653808594
0.0003428459167480469
0.0003371238708496094
0.0003581047058105469
0.00034499168395996094
0.0003399848937988281
0.00034689903259277344
0.00034499168395996094
0.0003476142883300781
0.00035858154296875
0.0003371238708496094
0.0003590583801269531
0.00035953521728515625
0.00034689903259277344
0.00034618377685546875
0.00034999847412109375
0.0003330707550048828
0.0003421306610107422
0.00033402442932128906
0.000347137451171875
0.0003333091735839844
0.0003409385681152344
0.00035262107849121094
0.0003418922424316406
0.00035071372985839844
0.00034999847412109375
0.0003771781921386719
0.0003376007080078125
0.00035500526428222656
0.000354766845703125
0.0003256797790527344
0.0003361701965332031
0.000331878662109375
0.00034689903259277344
0.00033783912658691406
0.0003364086151123047
0.00035119056701660156
0.0003452301025390625
0.00035190582275390625
0.00036835670471191406
0.0003516674041748047
0.0003571510314941406
0.0003561973571777344
0.00032806396484375
0.0003561973571777344
0.0003414154052734375
0.0003418922424316406
0.0003437995910644531
0.0003409385681152344
0.0003268718719482422
0.00035500526428222656
0.00034618377685546875
0.0003628730773925781
0.0003516674041748047
0.0003447532653808594
0.0003566741943359375
0.0003516674041748047
0.00037741661071777344
0.0003459453582763672
0.0003457069396972656
0.0003466606140136719
0.0003409385681152344
0.0003490447998046875
0.0003380775451660156
0.0003674030303955078
0.0003314018249511719
0.00033926963806152344
0.0003418922424316406
0.0003495216369628906
0.0003597736358642578
0.0003662109375
0.0003619194030761719
0.0003788471221923828
0.00034427642822265625
0.00034546852111816406
0.0003478527069091797
0.00036716461181640625
0.00034809112548828125
0.00033783912658691406
0.0003681182861328125
0.0003619194030761719
0.00036525726318359375
0.0003483295440673828
0.0003421306610107422
0.0003490447998046875
0.00033664703369140625
0.0003571510314941406
0.0003402233123779297
0.0003631114959716797
0.0003628730773925781
0.0003428459167480469
0.00038361549377441406
0.000335693359375
0.0003426074981689453
0.0003495216369628906
0.00033736228942871094
0.00034546852111816406
0.00036263465881347656
0.00033855438232421875
0.00034499168395996094
0.00034880638122558594
