0.0025789737701416016
0.0002434253692626953
0.0002429485321044922
0.00024127960205078125
0.00023889541625976563
0.00025272369384765625
0.0002353191375732422
0.0002446174621582031
0.0002605915069580078
0.00025010108947753906
0.0002574920654296875
0.0002601146697998047
0.00024366378784179688
0.0002422332763671875
0.00026106834411621094
0.00026154518127441406
0.0002579689025878906
0.00023221969604492188
0.0002586841583251953
0.0002491474151611328
0.0002562999725341797
0.00024628639221191406
0.0002231597900390625
0.0002548694610595703
0.00025653839111328125
0.00024199485778808594
0.00025773048400878906
0.00025177001953125
0.0002791881561279297
0.0002543926239013672
0.0002315044403076172
0.00023937225341796875
0.00025963783264160156
0.0002601146697998047
0.0002532005310058594
0.00025582313537597656
0.00024628639221191406
0.0002593994140625
0.0002562999725341797
0.0002627372741699219
0.0002613067626953125
0.00026035308837890625
0.0002503395080566406
0.00025653839111328125
0.00025725364685058594
0.00026607513427734375
0.0002605915069580078
0.0002543926239013672
0.00023221969604492188
0.0002601146697998047
0.0002532005310058594
0.00025582313537597656
0.00023365020751953125
0.00026798248291015625
0.0002338886260986328
0.00026345252990722656
0.0002624988555908203
0.00025653839111328125
0.0002453327178955078
0.0002574920654296875
0.00023603439331054688
0.0002655982971191406
0.00026726722717285156
0.0002560615539550781
0.00026035308837890625
0.00022721290588378906
0.0002467632293701172
0.0002541542053222656
0.0002589225769042969
0.0002548694610595703
0.0002484321594238281
0.0002512931823730469
0.0002567768096923828
0.0002675056457519531
0.0002684593200683594
0.00024175643920898438
0.0002486705780029297
0.00025463104248046875
0.000255584716796875
0.00026106834411621094
0.000225067138671875
0.00023055076599121094
0.0002570152282714844
0.0002510547637939453
0.00026798248291015625
0.0002474784851074219
0.0002484321594238281
0.0002562999725341797
0.00023603439331054688
0.00025725364685058594
0.00023055076599121094
0.00025463104248046875
0.0002524852752685547
0.0002560615539550781
0.0002346038818359375
0.00022721290588378906
0.00025272369384765625
0.0002598762512207031
0.0002624988555908203
0.0002579689025878906
0.0002582073211669922
0.00023102760314941406
0.0002276897430419922
0.00024890899658203125
0.00025844573974609375
0.0002589225769042969
0.00022912025451660156
0.00026226043701171875
0.0002605915069580078
0.00025272369384765625
0.0002560615539550781
0.0002448558807373047
0.00026345252990722656
0.0002644062042236328
0.00025963783264160156
0.0002391338348388672
0.00024509429931640625
0.0002562999725341797
0.00023937225341796875
0.0002238750457763672
0.0002536773681640625
0.0002422332763671875
0.0002548694610595703
0.0002512931823730469
0.00025200843811035156
0.0002372264862060547
0.0002567768096923828
0.00025463104248046875
0.0002636909484863281
0.00022864341735839844
0.00026297569274902344
0.00025725364685058594
0.00024628639221191406
0.0002465248107910156
0.00026679039001464844
0.0002396106719970703
0.0002455711364746094
0.0002677440643310547
0.00023889541625976563
0.0002467632293701172
0.0002484321594238281
0.0002429485321044922
0.000255584716796875
0.0002484321594238281
0.00025725364685058594
0.0002446174621582031
0.00024700164794921875
0.0002455711364746094
0.0002205371856689453
0.0002493858337402344
0.0002315044403076172
0.0002551078796386719
0.0002512931823730469
0.00026106834411621094
0.000247955322265625
0.00024390220642089844
0.00024127960205078125
0.0002472400665283203
0.00025177001953125
0.0002372264862060547
0.00022912025451660156
0.0002541542053222656
0.00021958351135253906
0.00022840499877929688
0.00025391578674316406
0.0002243518829345703
0.0002639293670654297
0.0002522468566894531
0.0002570152282714844
0.0002560615539550781
0.00024819374084472656
0.00024175643920898438
0.0002543926239013672
0.0002422332763671875
0.0002543926239013672
0.00023651123046875
0.00024175643920898438
0.00023174285888671875
0.00026154518127441406
0.000244140625
0.00025391578674316406
0.0002529621124267578
0.00024247169494628906
0.0002346038818359375
0.00024819374084472656
0.0002410411834716797
0.00025391578674316406
0.0002415180206298828
0.00024390220642089844
0.0002543926239013672
0.0002548694610595703
0.00022292137145996094
0.00027060508728027344
0.0002582073211669922
0.00023031234741210938
0.000232696533203125
0.000247955322265625
0.0002617835998535156
0.0002465248107910156
0.000263214111328125
0.00024437904357910156
0.0002522468566894531
0.00025773048400878906
0.0002636909484863281
0.0002620220184326172
0.000255584716796875
0.0002651214599609375
0.0002467632293701172
0.00023293495178222656
0.0002665519714355469
0.00025010108947753906
0.0002446174621582031
0.0002560615539550781
0.0002655982971191406
0.0002541542053222656
0.00024509429931640625
0.0002582073211669922
0.00026106834411621094
0.0002524852752685547
0.0002453327178955078
0.0002532005310058594
0.0002384185791015625
0.000217437744140625
0.00025463104248046875
0.0002200603485107422
0.00025200843811035156
0.00025200843811035156
0.0002491474151611328
0.0002574920654296875
0.00026226043701171875
0.0002486705780029297
0.00022912025451660156
0.0002682209014892578
0.0002601146697998047
0.00025391578674316406
0.00026154518127441406
0.0002720355987548828
0.00025963783264160156
0.000255584716796875
0.0002536773681640625
0.00023365020751953125
0.00026607513427734375
0.000263214111328125
0.00021982192993164063
0.00025582313537597656
0.00025534629821777344
0.00026035308837890625
0.0002613067626953125
0.0002505779266357422
0.0002532005310058594
0.0002620220184326172
0.0002620220184326172
0.00025200843811035156
0.00025153160095214844
0.0002617835998535156
0.00024819374084472656
0.0002541542053222656
0.00026917457580566406
0.00025391578674316406
0.00021958351135253906
0.0002722740173339844
0.00025343894958496094
0.00023317337036132813
0.0002512931823730469
0.0002574920654296875
0.00025653839111328125
0.00026702880859375
0.0002613067626953125
0.0002512931823730469
0.00026106834411621094
0.0002624988555908203
0.0002541542053222656
0.0002541542053222656
0.0002498626708984375
0.00025010108947753906
0.00025963783264160156
0.0002498626708984375
0.00024962425231933594
0.00021791458129882813
0.00026607513427734375
0.00025272369384765625
0.0002453327178955078
0.00026607513427734375
0.00025963783264160156
0.00026297569274902344
0.00026106834411621094
0.0002536773681640625
0.0002593994140625
0.00026154518127441406
0.00025534629821777344
0.00026035308837890625
0.0002570152282714844
0.0002589225769042969
0.00026106834411621094
0.0002605915069580078
0.0002605915069580078
0.00025773048400878906
0.00026106834411621094
0.0002548694610595703
0.0002658367156982422
0.00026035308837890625
0.000255584716796875
0.0002567768096923828
0.0002465248107910156
0.0002651214599609375
0.0002503395080566406
0.00022411346435546875
0.00025081634521484375
0.00025844573974609375
0.0002560615539550781
0.00027251243591308594
0.0002703666687011719
0.00025773048400878906
0.0002675056457519531
0.00027179718017578125
0.00025200843811035156
0.00026488304138183594
0.0002646446228027344
0.0002541542053222656
0.0002608299255371094
0.0002651214599609375
0.0002579689025878906
0.00026297569274902344
0.0002605915069580078
0.0002644062042236328
0.00028133392333984375
0.00027251243591308594
0.0002684593200683594
0.0002465248107910156
0.00025844573974609375
0.0002562999725341797
0.00026226043701171875
0.0002636909484863281
0.000270843505859375
0.0002543926239013672
0.000255584716796875
0.00026345252990722656
0.0002498626708984375
0.0002665519714355469
0.00025391578674316406
0.00028133392333984375
0.00025582313537597656
0.0002422332763671875
0.00021409988403320313
0.000232696533203125
0.0002605915069580078
0.00021982192993164063
0.0002727508544921875
0.0002651214599609375
0.00022935867309570313
0.0002434253692626953
0.0002601146697998047
0.0002162456512451172
0.00027370452880859375
0.00025844573974609375
0.00022459030151367188
0.0002734661102294922
0.0002598762512207031
0.0002307891845703125
0.0002586841583251953
0.00025963783264160156
0.0002455711364746094
0.00026416778564453125
0.0002701282501220703
0.0002295970916748047
0.0002551078796386719
0.000247955322265625
0.00025725364685058594
0.00026345252990722656
0.0002574920654296875
0.0002639293670654297
0.0002765655517578125
0.0002758502960205078
0.00023627281188964844
0.0002543926239013672
0.00025534629821777344
0.00024962425231933594
0.0002617835998535156
0.00026917457580566406
0.00026154518127441406
0.0002644062042236328
0.0004417896270751953
0.00043320655822753906
0.0004534721374511719
0.0003733634948730469
0.00037550926208496094
0.00039577484130859375
0.0003559589385986328
0.0003886222839355469
0.00041866302490234375
0.0003724098205566406
0.00042128562927246094
0.0003848075866699219
0.0003714561462402344
0.0003407001495361328
0.0003654956817626953
0.0003674030303955078
0.0004482269287109375
0.00036406517028808594
0.0003635883331298828
0.00036025047302246094
0.0004525184631347656
0.00045680999755859375
0.0003840923309326172
0.0003790855407714844
0.0003809928894042969
0.00042366981506347656
0.0004467964172363281
0.0004372596740722656
0.00043463706970214844
0.00037407875061035156
0.0003829002380371094
0.00043773651123046875
0.000392913818359375
0.0003743171691894531
0.00036835670471191406
0.0003857612609863281
0.00045180320739746094
0.00036072731018066406
0.00037932395935058594
0.0004489421844482422
0.0003752708435058594
0.0004608631134033203
0.0004513263702392578
0.00041747093200683594
0.00039196014404296875
0.0004563331604003906
0.0003447532653808594
0.0004494190216064453
0.0004570484161376953
0.00038552284240722656
0.00037598609924316406
0.0003693103790283203
0.0004646778106689453
0.0004754066467285156
0.0004551410675048828
0.00047969818115234375
0.000453948974609375
0.0003859996795654297
0.0003807544708251953
0.0004680156707763672
0.0004630088806152344
0.00045680999755859375
0.00037932395935058594
0.00046253204345703125
0.0004572868347167969
0.0004627704620361328
0.0003914833068847656
0.0004627704620361328
0.0004801750183105469
0.000396728515625
0.0004730224609375
0.0004699230194091797
0.0004832744598388672
0.0004792213439941406
0.0003829002380371094
0.0004699230194091797
0.00039124488830566406
0.00046062469482421875
0.0004782676696777344
0.0004849433898925781
0.00048804283142089844
0.00047397613525390625
0.000453948974609375
0.0004889965057373047
0.0004603862762451172
0.0004737377166748047
0.0004897117614746094
0.0005373954772949219
0.00046133995056152344
0.0005321502685546875
0.0004601478576660156
0.0004711151123046875
0.00046539306640625
0.0004222393035888672
0.0004634857177734375
0.000476837158203125
0.000492095947265625
0.0004680156707763672
0.00044155120849609375
0.0004887580871582031
0.0005600452423095703
0.00045037269592285156
0.0004723072052001953
0.0004899501800537109
0.0005397796630859375
0.00047779083251953125
0.0004754066467285156
0.0004782676696777344
0.0004749298095703125
0.0004973411560058594
0.0004825592041015625
0.0004718303680419922
0.00036597251892089844
0.0004930496215820313
0.0004923343658447266
0.0004413127899169922
0.0005657672882080078
0.0004699230194091797
0.0004911422729492188
