0.00032329559326171875
0.00020813941955566406
0.00020241737365722656
0.00020241737365722656
0.00020432472229003906
0.000202178955078125
0.00020241737365722656
0.00021600723266601563
0.0002124309539794922
0.00021338462829589844
0.0002086162567138672
0.00020503997802734375
0.00020384788513183594
0.00020694732666015625
0.00020933151245117188
0.00020074844360351563
0.0002079010009765625
0.00020551681518554688
0.000209808349609375
0.00021076202392578125
0.00021719932556152344
0.0002110004425048828
0.00020623207092285156
0.00020384788513183594
0.00020575523376464844
0.0002079010009765625
0.00020313262939453125
0.0002002716064453125
0.00020837783813476563
0.00020051002502441406
0.00019693374633789063
0.00019097328186035156
0.0002052783966064453
0.00020241737365722656
0.0002052783966064453
0.00020503997802734375
0.00020575523376464844
0.00020313262939453125
0.00020384788513183594
0.00020599365234375
0.00020074844360351563
0.00019598007202148438
0.00019073486328125
0.00020623207092285156
0.00020575523376464844
0.00020694732666015625
0.0002071857452392578
0.0002028942108154297
0.00021123886108398438
0.00020360946655273438
0.00019884109497070313
0.000202178955078125
0.00022125244140625
0.0001990795135498047
0.0002079010009765625
0.00020503997802734375
0.00021028518676757813
0.00020456314086914063
0.00021314620971679688
0.00019741058349609375
0.00019979476928710938
0.00020194053649902344
0.00020623207092285156
0.0001957416534423828
0.0001995563507080078
0.00021076202392578125
0.00020003318786621094
0.00020241737365722656
0.00021696090698242188
0.00020003318786621094
0.00020003318786621094
0.00019216537475585938
0.0002040863037109375
0.0002162456512451172
0.00020813941955566406
0.0002079010009765625
0.00020074844360351563
0.00020647048950195313
0.00020837783813476563
0.00019788742065429688
0.00020694732666015625
0.00020885467529296875
0.0002117156982421875
0.00019979476928710938
0.0002117156982421875
0.00020456314086914063
0.00020360946655273438
0.0002040863037109375
0.0002014636993408203
0.0001976490020751953
0.00021195411682128906
0.0002002716064453125
0.00019931793212890625
0.00022101402282714844
0.00020694732666015625
0.0001957416534423828
0.00019812583923339844
0.000202178955078125
0.00020432472229003906
0.00020265579223632813
0.00020432472229003906
0.00019884109497070313
0.00020503997802734375
0.0001971721649169922
0.00020647048950195313
0.0002071857452392578
0.00020503997802734375
0.00019431114196777344
0.00020599365234375
0.00019860267639160156
0.00019621849060058594
0.00021123886108398438
0.00021195411682128906
0.00020241737365722656
0.00020456314086914063
0.00021004676818847656
0.0002009868621826172
0.00021123886108398438
0.0002048015594482422
0.000202178955078125
0.0002028942108154297
0.00021386146545410156
0.0002086162567138672
0.0002052783966064453
0.00020074844360351563
0.0002009868621826172
0.0001957416534423828
0.0001957416534423828
0.00020766258239746094
0.00021028518676757813
0.00020813941955566406
0.00020837783813476563
0.00021696090698242188
0.00019693374633789063
0.00020384788513183594
0.0002048015594482422
0.0002028942108154297
0.00019812583923339844
0.00020241737365722656
0.0001995563507080078
0.00019598007202148438
0.00020170211791992188
0.00020432472229003906
0.00020384788513183594
0.00019025802612304688
0.00020074844360351563
0.0002002716064453125
0.00020694732666015625
0.00020241737365722656
0.00020122528076171875
0.00020074844360351563
0.00020432472229003906
0.00021076202392578125
0.0002033710479736328
0.00019693374633789063
0.00020360946655273438
0.0002110004425048828
0.00021338462829589844
0.0002048015594482422
0.00020456314086914063
0.0002002716064453125
0.0002033710479736328
0.00019979476928710938
0.00020241737365722656
0.00020051002502441406
0.00020074844360351563
0.000202178955078125
0.00020456314086914063
0.0001964569091796875
0.00020384788513183594
0.0002009868621826172
0.00020194053649902344
0.00020885467529296875
0.0002040863037109375
0.00020194053649902344
0.00021576881408691406
0.00020360946655273438
0.00020432472229003906
0.0002090930938720703
0.00020384788513183594
0.00020551681518554688
0.000194549560546875
0.00020265579223632813
0.0002148151397705078
0.00020647048950195313
0.0002040863037109375
0.00019431114196777344
0.00019407272338867188
0.00020432472229003906
0.00020122528076171875
0.00019669532775878906
0.00020742416381835938
0.0002052783966064453
0.0002009868621826172
0.00021219253540039063
0.00020694732666015625
0.00020432472229003906
0.0001983642578125
0.0002040863037109375
0.00020837783813476563
0.00020432472229003906
0.00020170211791992188
0.00020456314086914063
0.00020122528076171875
0.00020265579223632813
0.00019788742065429688
0.00020384788513183594
0.0002105236053466797
0.00021123886108398438
0.00019693374633789063
0.00020575523376464844
0.0002067089080810547
0.00021195411682128906
0.00019359588623046875
0.00020313262939453125
0.00020384788513183594
0.00019788742065429688
0.00020384788513183594
0.0002105236053466797
0.0002086162567138672
0.00020432472229003906
0.0002086162567138672
0.00020837783813476563
0.00020074844360351563
0.00020432472229003906
0.00020599365234375
0.00019669532775878906
0.0002009868621826172
0.00020551681518554688
0.0002052783966064453
0.00020813941955566406
0.0002028942108154297
0.00021123886108398438
0.000217437744140625
0.00020170211791992188
0.0002040863037109375
0.00020170211791992188
0.00020003318786621094
0.00020575523376464844
0.0001990795135498047
0.0002186298370361328
0.00020051002502441406
0.00020122528076171875
0.0002129077911376953
0.00020432472229003906
0.00020837783813476563
0.00020241737365722656
0.00020003318786621094
0.00020599365234375
0.00020194053649902344
0.0001990795135498047
0.00020265579223632813
0.00019884109497070313
0.00020384788513183594
0.0002028942108154297
0.00020170211791992188
0.0002040863037109375
0.00019621849060058594
0.0002090930938720703
0.00020194053649902344
0.0002014636993408203
0.0001933574676513672
0.00020647048950195313
0.00020551681518554688
0.00019693374633789063
0.00020742416381835938
0.0002167224884033203
0.00019931793212890625
0.0002105236053466797
0.00020265579223632813
0.00020551681518554688
0.0002040863037109375
0.00020170211791992188
0.0002040863037109375
0.0002002716064453125
0.00020194053649902344
0.0002200603485107422
0.0002067089080810547
0.0002110004425048828
0.0001976490020751953
0.0001983642578125
0.00021123886108398438
0.00019073486328125
0.00019788742065429688
0.00019621849060058594
0.0002002716064453125
0.00019478797912597656
0.000202178955078125
0.00021314620971679688
0.00020623207092285156
0.0002052783966064453
0.0002014636993408203
0.0001952648162841797
0.00021028518676757813
0.0002117156982421875
0.00020384788513183594
0.00020170211791992188
0.0002079010009765625
0.00020647048950195313
0.00020503997802734375
0.0002110004425048828
0.00020051002502441406
0.00020694732666015625
0.00020575523376464844
0.00019598007202148438
0.00020456314086914063
0.00020933151245117188
0.0002002716064453125
0.00019621849060058594
0.00020241737365722656
0.00020599365234375
0.00019860267639160156
0.00020766258239746094
0.00019979476928710938
0.00019121170043945313
0.00021147727966308594
0.00020694732666015625
0.0002048015594482422
0.000202178955078125
0.00021028518676757813
0.00020241737365722656
0.0002079010009765625
0.000209808349609375
0.0002048015594482422
0.0001990795135498047
0.00019884109497070313
0.00020194053649902344
0.0001990795135498047
0.00020933151245117188
0.00021123886108398438
0.00020313262939453125
0.00020074844360351563
0.00020837783813476563
0.00021076202392578125
0.00020742416381835938
0.0002079010009765625
0.0002052783966064453
0.00020503997802734375
0.0002028942108154297
0.00020551681518554688
0.00019621849060058594
0.00021195411682128906
0.0002009868621826172
0.00020122528076171875
0.00021600723266601563
0.000209808349609375
0.00021123886108398438
0.00020837783813476563
0.00019693374633789063
0.00019884109497070313
0.0002028942108154297
0.00020432472229003906
0.0002048015594482422
0.0002040863037109375
0.0002052783966064453
0.00020360946655273438
0.00020432472229003906
0.00019812583923339844
0.00019931793212890625
0.00021195411682128906
0.00019407272338867188
0.00019669532775878906
0.000194549560546875
0.00019431114196777344
0.00020384788513183594
0.00019240379333496094
0.0001919269561767578
0.00019669532775878906
0.00020503997802734375
0.0001976490020751953
0.00020575523376464844
0.00020360946655273438
0.0001933574676513672
0.00020623207092285156
0.00019979476928710938
0.00019598007202148438
0.0002028942108154297
0.00020885467529296875
0.00020837783813476563
0.0002040863037109375
0.00020551681518554688
0.00020360946655273438
0.00021314620971679688
0.00020623207092285156
0.0002033710479736328
0.0002009868621826172
0.00019979476928710938
0.00020933151245117188
0.00020384788513183594
0.00021314620971679688
0.00020885467529296875
0.0001971721649169922
0.00020623207092285156
0.000213623046875
0.00021266937255859375
0.00020265579223632813
0.0001919269561767578
0.000194549560546875
0.00020766258239746094
0.0001964569091796875
0.00020933151245117188
0.00020885467529296875
0.00019812583923339844
0.0002040863037109375
0.00019884109497070313
0.0001952648162841797
0.0002124309539794922
0.00020194053649902344
0.00019311904907226563
0.00020503997802734375
0.00019693374633789063
0.00020051002502441406
0.00020503997802734375
0.0001990795135498047
0.00019884109497070313
0.00020122528076171875
0.0002071857452392578
0.00019812583923339844
0.00020933151245117188
0.0001971721649169922
0.00020384788513183594
0.0002028942108154297
0.00020813941955566406
0.0001957416534423828
0.00020766258239746094
0.0001983642578125
0.0002002716064453125
0.00020074844360351563
0.00020051002502441406
0.00020813941955566406
0.00020194053649902344
0.00020456314086914063
0.0002124309539794922
0.0002143383026123047
0.00021147727966308594
0.0002048015594482422
0.00020933151245117188
0.0002090930938720703
0.000202178955078125
0.0002086162567138672
0.00020194053649902344
0.00020360946655273438
0.00020360946655273438
0.00020575523376464844
0.0002079010009765625
0.00020623207092285156
0.00021958351135253906
0.00020623207092285156
0.00020599365234375
0.00020551681518554688
0.0002167224884033203
0.0002052783966064453
0.00020051002502441406
0.00020623207092285156
0.00021004676818847656
0.0001971721649169922
0.00020766258239746094
0.00021123886108398438
0.0002079010009765625
0.0001990795135498047
0.0001990795135498047
0.00020194053649902344
0.00020074844360351563
0.0001983642578125
0.0002079010009765625
0.0002110004425048828
0.00020432472229003906
0.0002067089080810547
0.0002048015594482422
0.00021028518676757813
0.0002079010009765625
0.00020885467529296875
0.00021600723266601563
0.00019884109497070313
0.00021147727966308594
0.0001933574676513672
0.00020051002502441406
0.00020384788513183594
0.00019884109497070313
0.00021076202392578125
0.00019979476928710938
0.00020122528076171875
0.0002090930938720703
0.00020885467529296875
0.00020074844360351563
0.00020432472229003906
0.00021505355834960938
0.00020241737365722656
0.00020122528076171875
0.000209808349609375
0.00020170211791992188
0.00020051002502441406
0.00020074844360351563
0.0002193450927734375
0.0001938343048095703
0.00019931793212890625
0.00020122528076171875
0.00022101402282714844
0.000213623046875
0.0002079010009765625
