0.003141641616821289
0.0002834796905517578
0.0002741813659667969
0.00027108192443847656
0.0002753734588623047
0.00027179718017578125
0.00026154518127441406
0.0003027915954589844
0.0002791881561279297
0.000263214111328125
0.00026679039001464844
0.00027751922607421875
0.00028252601623535156
0.00025773048400878906
0.0002727508544921875
0.00028014183044433594
0.0002772808074951172
0.0002720355987548828
0.00027823448181152344
0.000278472900390625
0.00027370452880859375
0.0002770423889160156
0.0002758502960205078
0.00027561187744140625
0.0002741813659667969
0.0002608299255371094
0.00028514862060546875
0.00027823448181152344
0.0002760887145996094
0.00028324127197265625
0.0002818107604980469
0.0002856254577636719
0.00027251243591308594
0.00028395652770996094
0.0002918243408203125
0.0002658367156982422
0.00027251243591308594
0.0002732276916503906
0.00027489662170410156
0.0002715587615966797
0.0002799034118652344
0.00028014183044433594
0.0002751350402832031
0.0003032684326171875
0.0002772808074951172
0.00027871131896972656
0.00028061866760253906
0.00027489662170410156
0.00027751922607421875
0.00028777122497558594
0.0002918243408203125
0.0002837181091308594
0.00026726722717285156
0.0002791881561279297
0.0002753734588623047
0.0002758502960205078
0.0002818107604980469
0.0002777576446533203
0.00027370452880859375
0.00027751922607421875
0.0002751350402832031
0.00029277801513671875
0.0002760887145996094
0.0002827644348144531
0.0002875328063964844
0.00028014183044433594
0.00028395652770996094
0.00027942657470703125
0.00029206275939941406
0.00028061866760253906
0.000286102294921875
0.000286102294921875
0.0002841949462890625
0.00028204917907714844
0.0002815723419189453
0.00027871131896972656
0.0002727508544921875
0.00028824806213378906
0.0002751350402832031
0.00027370452880859375
0.0002818107604980469
0.00029087066650390625
0.0002837181091308594
0.00028061866760253906
0.0002865791320800781
0.00028252601623535156
0.00028324127197265625
0.0002834796905517578
0.0002803802490234375
0.0002830028533935547
0.00028014183044433594
0.00028133392333984375
0.0002884864807128906
0.00028443336486816406
0.00028204917907714844
0.00028705596923828125
0.00028228759765625
0.000301361083984375
0.0002865791320800781
0.0002770423889160156
0.000286102294921875
0.0002865791320800781
0.000293731689453125
0.0002772808074951172
0.000286102294921875
0.0002810955047607422
0.00028324127197265625
0.0002903938293457031
0.0002868175506591797
0.0002961158752441406
0.0002830028533935547
0.0002884864807128906
0.00027823448181152344
0.0002760887145996094
0.00029015541076660156
0.00029277801513671875
0.0002892017364501953
0.0002837181091308594
0.0002884864807128906
0.000293731689453125
0.0002880096435546875
0.00028443336486816406
0.0002930164337158203
0.00028777122497558594
0.00028896331787109375
0.00028061866760253906
0.0002803802490234375
0.00029158592224121094
0.0002830028533935547
0.00028967857360839844
0.0002853870391845703
0.0002918243408203125
0.0002875328063964844
0.00028967857360839844
0.00029087066650390625
0.00027632713317871094
0.0002913475036621094
0.0002865791320800781
0.0002875328063964844
0.00028824806213378906
0.0002892017364501953
0.0002803802490234375
0.00027441978454589844
0.0002884864807128906
0.0002856254577636719
0.0003008842468261719
0.00029778480529785156
0.00029349327087402344
0.0002923011779785156
0.0002830028533935547
0.0002849102020263672
0.0002918243408203125
0.0002760887145996094
0.0002865791320800781
0.00029969215393066406
0.000286102294921875
0.00028133392333984375
0.0002856254577636719
0.00029206275939941406
0.0002834796905517578
0.0002887248992919922
0.00028061866760253906
0.00028395652770996094
0.0002906322479248047
0.0003063678741455078
0.0002980232238769531
0.0002841949462890625
0.000286102294921875
0.00029206275939941406
0.0002961158752441406
0.0002853870391845703
0.00028586387634277344
0.00027751922607421875
0.0002918243408203125
0.00029754638671875
0.0002872943878173828
0.0002865791320800781
0.0002837181091308594
0.0002932548522949219
0.0002880096435546875
0.0002837181091308594
0.0003070831298828125
0.0002930164337158203
0.00029206275939941406
0.00028824806213378906
0.0002830028533935547
0.0003032684326171875
0.0002963542938232422
0.0002899169921875
0.0002887248992919922
0.00028634071350097656
0.00030231475830078125
0.00034356117248535156
0.0002911090850830078
0.00029206275939941406
0.0002884864807128906
0.00029969215393066406
0.00027441978454589844
0.0002868175506591797
0.0002989768981933594
0.0002949237823486328
0.00029730796813964844
0.0002884864807128906
0.0002963542938232422
0.0002944469451904297
0.00029397010803222656
0.000293731689453125
0.00028824806213378906
0.00028252601623535156
0.00028061866760253906
0.0002968311309814453
0.00027298927307128906
0.00028896331787109375
0.000301361083984375
0.00030875205993652344
0.00029468536376953125
0.00029468536376953125
0.0002911090850830078
0.0002880096435546875
0.0007472038269042969
0.00028324127197265625
0.0002899169921875
0.000293731689453125
0.0002837181091308594
0.0002791881561279297
0.00028514862060546875
0.0002899169921875
0.000293731689453125
0.0002894401550292969
0.0002918243408203125
0.00029206275939941406
0.00029206275939941406
0.0002868175506591797
0.0002853870391845703
0.00028967857360839844
0.00029015541076660156
0.00029659271240234375
0.0002989768981933594
0.00028324127197265625
0.0002875328063964844
0.0002770423889160156
0.0002932548522949219
0.0002853870391845703
0.00029277801513671875
0.00028777122497558594
0.00029277801513671875
0.0003039836883544922
0.0003185272216796875
0.00029921531677246094
0.00028777122497558594
0.00029468536376953125
0.00028324127197265625
0.0002961158752441406
0.000286102294921875
0.00029015541076660156
0.0002892017364501953
0.00028443336486816406
0.0002856254577636719
0.00028634071350097656
0.0002803802490234375
0.00029349327087402344
0.00028395652770996094
0.00028014183044433594
0.0002834796905517578
0.0002961158752441406
0.00029206275939941406
0.0002884864807128906
0.0002894401550292969
0.0002894401550292969
0.00029015541076660156
0.00029158592224121094
0.00029349327087402344
0.0002841949462890625
0.0002987384796142578
0.00029087066650390625
0.00029921531677246094
0.0003063678741455078
0.00029397010803222656
0.00028514862060546875
0.00028014183044433594
0.0002846717834472656
0.000286102294921875
0.00029468536376953125
0.0002853870391845703
0.0002837181091308594
0.00029158592224121094
0.00028634071350097656
0.0002865791320800781
0.00029397010803222656
0.00030350685119628906
0.0002884864807128906
0.0002942085266113281
0.00028777122497558594
0.0002818107604980469
0.0002932548522949219
0.00029778480529785156
0.0003046989440917969
0.00029397010803222656
0.00029850006103515625
0.0002892017364501953
0.00029349327087402344
0.00028061866760253906
0.0002951622009277344
0.0002810955047607422
0.00028777122497558594
0.0002932548522949219
0.00027942657470703125
0.00029397010803222656
0.0003056526184082031
0.0002739429473876953
0.00029587745666503906
0.0002961158752441406
0.0002765655517578125
0.0002892017364501953
0.00028133392333984375
0.00029778480529785156
0.0002918243408203125
0.0002918243408203125
0.0002856254577636719
0.0002956390380859375
0.0002815723419189453
0.0002853870391845703
0.00030112266540527344
0.00029277801513671875
0.0002911090850830078
0.0002982616424560547
0.00030040740966796875
0.0003097057342529297
0.00033211708068847656
0.0003039836883544922
0.00029397010803222656
0.0002903938293457031
0.0002911090850830078
0.0003039836883544922
0.00029778480529785156
0.00028967857360839844
0.0002815723419189453
0.0002880096435546875
0.0003178119659423828
0.0002815723419189453
0.0002810955047607422
0.0002911090850830078
0.00029349327087402344
0.00027942657470703125
0.00029659271240234375
0.0003037452697753906
0.0002765655517578125
0.00029587745666503906
0.0002932548522949219
0.0002853870391845703
0.0003044605255126953
0.00029540061950683594
0.0002911090850830078
0.0002911090850830078
0.00030231475830078125
0.0002841949462890625
0.00029087066650390625
0.0003006458282470703
0.0002865791320800781
0.00028967857360839844
0.0002930164337158203
0.0002751350402832031
0.0002884864807128906
0.00029468536376953125
0.0002884864807128906
0.00030803680419921875
0.0002899169921875
0.00029349327087402344
0.0002956390380859375
0.0003018379211425781
0.0002880096435546875
0.0002961158752441406
0.00029087066650390625
0.00029206275939941406
0.00029659271240234375
0.0003085136413574219
0.0003075599670410156
0.00029015541076660156
0.0002918243408203125
0.0002837181091308594
0.0003020763397216797
0.00029277801513671875
0.00029540061950683594
0.0003235340118408203
0.0002963542938232422
0.0002923011779785156
0.0002944469451904297
0.00028634071350097656
0.0002899169921875
0.00030350685119628906
0.0003142356872558594
0.0003113746643066406
0.0002987384796142578
0.0002923011779785156
0.0003008842468261719
0.0003142356872558594
0.0002894401550292969
0.0003142356872558594
0.00030231475830078125
0.0002970695495605469
0.0002923011779785156
0.0002963542938232422
0.00030422210693359375
0.00029087066650390625
0.0002968311309814453
0.0002961158752441406
0.00029659271240234375
0.00033664703369140625
0.0003044605255126953
0.00027942657470703125
0.0002906322479248047
0.0003020763397216797
0.0002703666687011719
0.00030541419982910156
0.00028824806213378906
0.0002770423889160156
0.0003018379211425781
0.0002961158752441406
0.0002911090850830078
0.0002956390380859375
0.0002989768981933594
0.00029468536376953125
0.0002994537353515625
0.0003027915954589844
0.0002961158752441406
0.0002906322479248047
0.00029206275939941406
0.00029468536376953125
0.0002911090850830078
0.00030159950256347656
0.00028967857360839844
0.0002956390380859375
0.00029158592224121094
0.0003018379211425781
0.00028824806213378906
0.0003104209899902344
0.0002994537353515625
0.0002994537353515625
0.0003044605255126953
0.0003018379211425781
0.00028824806213378906
0.00029659271240234375
0.0003027915954589844
0.00030422210693359375
0.00030112266540527344
0.00030159950256347656
0.0003032684326171875
0.0002944469451904297
0.0003018379211425781
0.0003025531768798828
0.0003154277801513672
0.00029921531677246094
0.0002903938293457031
0.00030517578125
0.0002944469451904297
0.00029158592224121094
0.0002815723419189453
0.0002970695495605469
0.0002913475036621094
0.0002949237823486328
0.0002830028533935547
0.0002994537353515625
0.00030684471130371094
0.0003058910369873047
0.00029754638671875
0.0002963542938232422
0.0003039836883544922
0.000308990478515625
0.0002982616424560547
0.0003285408020019531
0.0002989768981933594
0.0003008842468261719
0.0003139972686767578
0.00031685829162597656
0.00030350685119628906
0.0003361701965332031
0.00029206275939941406
0.00029659271240234375
0.0003027915954589844
0.0003020763397216797
0.0003006458282470703
0.0002963542938232422
0.00030922889709472656
0.0003123283386230469
0.0003254413604736328
0.0003094673156738281
0.00031375885009765625
0.00031948089599609375
0.00029730796813964844
0.0003020763397216797
0.0003120899200439453
0.00030541419982910156
0.00031638145446777344
0.00032520294189453125
0.0003342628479003906
0.0003209114074707031
0.0003371238708496094
0.00030994415283203125
0.00030231475830078125
0.0003120899200439453
