0.002475738525390625
0.00029754638671875
0.0002899169921875
0.00029397010803222656
0.0002841949462890625
0.00028228759765625
0.00027871131896972656
0.0002853870391845703
0.00029015541076660156
0.0003097057342529297
0.0003123283386230469
0.00029850006103515625
0.0003001689910888672
0.00028395652770996094
0.00028252601623535156
0.00028586387634277344
0.00030350685119628906
0.0002868175506591797
0.00029468536376953125
0.0002872943878173828
0.0002810955047607422
0.0002865791320800781
0.0002779960632324219
0.0002963542938232422
0.0002868175506591797
0.0002827644348144531
0.00029468536376953125
0.0002987384796142578
0.00028204917907714844
0.00028324127197265625
0.0002989768981933594
0.00028443336486816406
0.00028514862060546875
0.00028896331787109375
0.00028824806213378906
0.0002925395965576172
0.0002815723419189453
0.0002899169921875
0.0002872943878173828
0.00028967857360839844
0.0002803802490234375
0.00029349327087402344
0.00028824806213378906
0.0002951622009277344
0.0002810955047607422
0.0002894401550292969
0.0002923011779785156
0.0002918243408203125
0.00029540061950683594
0.0002892017364501953
0.00029277801513671875
0.0003001689910888672
0.0002906322479248047
0.0002803802490234375
0.00028705596923828125
0.0002949237823486328
0.0002911090850830078
0.0002942085266113281
0.0002875328063964844
0.0003077983856201172
0.00029087066650390625
0.00028395652770996094
0.0002856254577636719
0.00028443336486816406
0.0002815723419189453
0.0002808570861816406
0.0002892017364501953
0.0002849102020263672
0.00028061866760253906
0.0002849102020263672
0.0002989768981933594
0.0002930164337158203
0.0002865791320800781
0.000293731689453125
0.00029349327087402344
0.000286102294921875
0.0003046989440917969
0.0002865791320800781
0.0002868175506591797
0.0002808570861816406
0.0002772808074951172
0.0002849102020263672
0.0002980232238769531
0.0002930164337158203
0.0002911090850830078
0.00030231475830078125
0.0002856254577636719
0.0002841949462890625
0.00029349327087402344
0.00029277801513671875
0.00028824806213378906
0.0002849102020263672
0.00029349327087402344
0.00028133392333984375
0.00027680397033691406
0.0002918243408203125
0.0002865791320800781
0.00028896331787109375
0.0002884864807128906
0.0002880096435546875
0.0002849102020263672
0.0002841949462890625
0.0002930164337158203
0.00029277801513671875
0.0002951622009277344
0.00030040740966796875
0.0002856254577636719
0.00029277801513671875
0.0002987384796142578
0.0003066062927246094
0.0002911090850830078
0.0002827644348144531
0.00029015541076660156
0.0002999305725097656
0.0002849102020263672
0.0002849102020263672
0.0002970695495605469
0.00028824806213378906
0.0002865791320800781
0.00028252601623535156
0.00028824806213378906
0.00028586387634277344
0.0002930164337158203
0.0003097057342529297
0.0003046989440917969
0.00029277801513671875
0.0002949237823486328
0.0002970695495605469
0.0002961158752441406
0.0002887248992919922
0.00030112266540527344
0.0002944469451904297
0.0002808570861816406
0.0002951622009277344
0.0002887248992919922
0.0002930164337158203
0.00029468536376953125
0.0002944469451904297
0.0002868175506591797
0.0002968311309814453
0.0002841949462890625
0.0002932548522949219
0.00029206275939941406
0.00028586387634277344
0.00029158592224121094
0.0002856254577636719
0.0002903938293457031
0.0002899169921875
0.0002853870391845703
0.0002841949462890625
0.0002951622009277344
0.0002856254577636719
0.0002875328063964844
0.0002884864807128906
0.00029397010803222656
0.00028634071350097656
0.00029754638671875
0.00029015541076660156
0.0002925395965576172
0.0002930164337158203
0.00029659271240234375
0.0002849102020263672
0.0003197193145751953
0.00029158592224121094
0.0003018379211425781
0.0002982616424560547
0.00029468536376953125
0.000301361083984375
0.00028634071350097656
0.0002880096435546875
0.00028705596923828125
0.00029587745666503906
0.0003046989440917969
0.0002942085266113281
0.00028586387634277344
0.0002872943878173828
0.00029277801513671875
0.0003032684326171875
0.00028228759765625
0.00029015541076660156
0.0002963542938232422
0.0002913475036621094
0.0002758502960205078
0.00029659271240234375
0.00028896331787109375
0.0002827644348144531
0.0002880096435546875
0.0002913475036621094
0.0002872943878173828
0.0002932548522949219
0.00029015541076660156
0.00028514862060546875
0.0003046989440917969
0.0003039836883544922
0.0002961158752441406
0.0002894401550292969
0.0002903938293457031
0.0002932548522949219
0.0002913475036621094
0.0002930164337158203
0.0002925395965576172
0.0002887248992919922
0.0002930164337158203
0.0002918243408203125
0.0002856254577636719
0.0002884864807128906
0.0002906322479248047
0.0002968311309814453
0.00029468536376953125
0.0002887248992919922
0.00029349327087402344
0.00028967857360839844
0.0002923011779785156
0.00029850006103515625
0.0002880096435546875
0.00029778480529785156
0.0003006458282470703
0.0002808570861816406
0.00029206275939941406
0.00029659271240234375
0.0002849102020263672
0.0002815723419189453
0.0002865791320800781
0.0002872943878173828
0.0002913475036621094
0.0002994537353515625
0.00029850006103515625
0.00031685829162597656
0.0002942085266113281
0.0002930164337158203
0.00029277801513671875
0.00030684471130371094
0.00029015541076660156
0.00028634071350097656
0.0002903938293457031
0.00029158592224121094
0.000293731689453125
0.00028204917907714844
0.00029349327087402344
0.00029587745666503906
0.0002951622009277344
0.0002982616424560547
0.0002906322479248047
0.0002968311309814453
0.0002980232238769531
0.00029158592224121094
0.00028967857360839844
0.0002887248992919922
0.0002894401550292969
0.0002875328063964844
0.00031256675720214844
0.0002970695495605469
0.0002923011779785156
0.0002911090850830078
0.0003006458282470703
0.00029540061950683594
0.00028777122497558594
0.00030303001403808594
0.0002887248992919922
0.00029921531677246094
0.0003001689910888672
0.00034236907958984375
0.000301361083984375
0.00029921531677246094
0.0003008842468261719
0.0002982616424560547
0.00030040740966796875
0.0003151893615722656
0.00030517578125
0.0002999305725097656
0.00030517578125
0.0002970695495605469
0.0002942085266113281
0.0002932548522949219
0.00029468536376953125
0.0002818107604980469
0.00029969215393066406
0.0002987384796142578
0.00029277801513671875
0.00029158592224121094
0.0003228187561035156
0.0002968311309814453
0.0002961158752441406
0.0002968311309814453
0.00030303001403808594
0.0002980232238769531
0.00029921531677246094
0.0003032684326171875
0.0002951622009277344
0.00029778480529785156
0.0003008842468261719
0.00029969215393066406
0.00029778480529785156
0.00029754638671875
0.0003147125244140625
0.00030875205993652344
0.0002903938293457031
0.0002970695495605469
0.00030231475830078125
0.0002880096435546875
0.00028705596923828125
0.0003008842468261719
0.0003020763397216797
0.00029158592224121094
0.0002994537353515625
0.00030350685119628906
0.00029778480529785156
0.00030303001403808594
0.00030803680419921875
0.0003008842468261719
0.0002982616424560547
0.0002987384796142578
0.0002968311309814453
0.00029540061950683594
0.00029969215393066406
0.00031304359436035156
0.0003037452697753906
0.00030303001403808594
0.00033164024353027344
0.0003044605255126953
0.00031113624572753906
0.0003075599670410156
0.00030422210693359375
0.00029659271240234375
0.00030612945556640625
0.00030159950256347656
0.00030303001403808594
0.00029778480529785156
0.00029921531677246094
0.0003018379211425781
0.00030541419982910156
0.0002970695495605469
0.0003046989440917969
0.0003077983856201172
0.0002980232238769531
0.0003056526184082031
0.000301361083984375
0.00029349327087402344
0.0002956390380859375
0.0003132820129394531
0.0002980232238769531
0.00031065940856933594
0.00029921531677246094
0.00029850006103515625
0.00030112266540527344
0.0003032684326171875
0.0002961158752441406
0.00031113624572753906
0.00031113624572753906
0.0003032684326171875
0.0003330707550048828
0.00030732154846191406
0.00031256675720214844
0.0003046989440917969
0.00031447410583496094
0.0003345012664794922
0.0003066062927246094
0.00029730796813964844
0.00030493736267089844
0.0003123283386230469
0.00030803680419921875
0.00030922889709472656
0.00031948089599609375
0.00030159950256347656
0.00030732154846191406
0.00030612945556640625
0.00030612945556640625
0.0003044605255126953
0.0002980232238769531
0.00030612945556640625
0.00031948089599609375
0.0003077983856201172
0.00031065940856933594
0.00031447410583496094
0.00033020973205566406
0.00030422210693359375
0.0003132820129394531
0.0003097057342529297
0.00031256675720214844
0.00031185150146484375
0.0003108978271484375
0.00030040740966796875
0.0003223419189453125
0.0003094673156738281
0.0003132820129394531
0.0003039836883544922
0.0003082752227783203
0.0002994537353515625
0.00030612945556640625
0.0003142356872558594
0.0003104209899902344
0.0003647804260253906
0.0003154277801513672
0.00030875205993652344
0.00030612945556640625
0.00030493736267089844
0.00030994415283203125
0.0003044605255126953
0.00030159950256347656
0.0003082752227783203
0.000308990478515625
0.0003161430358886719
0.0003094673156738281
0.0003101825714111328
0.0003113746643066406
0.00032067298889160156
0.0003070831298828125
0.000301361083984375
0.0003101825714111328
0.0003032684326171875
0.00030922889709472656
0.00030994415283203125
0.000316619873046875
0.0003154277801513672
0.00030422210693359375
0.0003085136413574219
0.0003104209899902344
0.00030684471130371094
0.000308990478515625
0.00031256675720214844
0.0003037452697753906
0.00030517578125
0.0003132820129394531
0.0003120899200439453
0.0003190040588378906
0.00031113624572753906
0.00030612945556640625
0.0002923011779785156
0.00030303001403808594
0.000324249267578125
0.0002951622009277344
0.00031256675720214844
0.0003998279571533203
0.00040078163146972656
0.0004000663757324219
0.00039958953857421875
0.000408172607421875
0.00040912628173828125
0.0003998279571533203
0.00039887428283691406
0.0004029273986816406
0.0004138946533203125
0.0003981590270996094
0.00041484832763671875
0.0004050731658935547
0.0004010200500488281
0.0004038810729980469
0.00041556358337402344
0.00040650367736816406
0.0004031658172607422
0.0004057884216308594
0.0003972053527832031
0.00040984153747558594
0.0004038810729980469
0.0003867149353027344
0.0003981590270996094
0.0003991127014160156
0.0003998279571533203
0.0003979206085205078
0.00040531158447265625
0.0003948211669921875
0.0003974437713623047
0.0004165172576904297
0.00040268898010253906
0.000400543212890625
0.00040531158447265625
0.00039386749267578125
0.0003998279571533203
0.00038814544677734375
0.0004100799560546875
0.00041484832763671875
0.0004031658172607422
0.0004067420959472656
0.0004086494445800781
0.0004258155822753906
0.0004127025604248047
0.0004661083221435547
0.0005023479461669922
0.0004019737243652344
0.00045800209045410156
0.0004222393035888672
0.0004010200500488281
0.0004086494445800781
0.0004124641418457031
0.0004169940948486328
0.0004038810729980469
0.000423431396484375
0.0004062652587890625
0.0004017353057861328
0.0004341602325439453
0.0004229545593261719
0.00042128562927246094
0.00042724609375
0.00042700767517089844
0.00041866302490234375
0.0004127025604248047
0.00040650367736816406
0.00040650367736816406
0.00041675567626953125
0.00041222572326660156
