0.0038704872131347656
0.0003066062927246094
0.00030112266540527344
0.00031447410583496094
0.0003027915954589844
0.0003077983856201172
0.0003132820129394531
0.00030684471130371094
0.00030231475830078125
0.00030541419982910156
0.0003039836883544922
0.0003101825714111328
0.00030803680419921875
0.000301361083984375
0.0003018379211425781
0.0003018379211425781
0.0003108978271484375
0.00031304359436035156
0.0003139972686767578
0.0002994537353515625
0.00031375885009765625
0.00031280517578125
0.0003020763397216797
0.0003120899200439453
0.0003056526184082031
0.0003178119659423828
0.00031280517578125
0.0003173351287841797
0.00031113624572753906
0.0002949237823486328
0.00030922889709472656
0.0003154277801513672
0.0003077983856201172
0.00031185150146484375
0.0003063678741455078
0.0003161430358886719
0.0003185272216796875
0.0003085136413574219
0.0003094673156738281
0.00032329559326171875
0.0003151893615722656
0.00031065940856933594
0.00030803680419921875
0.00031447410583496094
0.0003039836883544922
0.000316619873046875
0.0003101825714111328
0.0003070831298828125
0.00031495094299316406
0.0003192424774169922
0.00032138824462890625
0.00031113624572753906
0.0003223419189453125
0.00030732154846191406
0.00030994415283203125
0.00031113624572753906
0.00031375885009765625
0.00031948089599609375
0.00031638145446777344
0.00031566619873046875
0.0003151893615722656
0.0003097057342529297
0.00029850006103515625
0.0003299713134765625
0.00031757354736328125
0.00031685829162597656
0.0003254413604736328
0.0003185272216796875
0.00032067298889160156
0.0003218650817871094
0.0003139972686767578
0.0003173351287841797
0.000308990478515625
0.0003311634063720703
0.0003209114074707031
0.00032401084899902344
0.00032329559326171875
0.0003266334533691406
0.00031685829162597656
0.000324249267578125
0.00031948089599609375
0.00033855438232421875
0.0003390312194824219
0.00032401084899902344
0.00032782554626464844
0.0003306865692138672
0.00034046173095703125
0.0003159046173095703
0.000331878662109375
0.0003342628479003906
0.00032782554626464844
0.00034308433532714844
0.0003383159637451172
0.0003304481506347656
0.00031757354736328125
0.00033164024353027344
0.00033593177795410156
0.000331878662109375
0.0003294944763183594
0.0003325939178466797
0.000331878662109375
0.00031876564025878906
0.0003371238708496094
0.000331878662109375
0.0003376007080078125
0.0003292560577392578
0.0003299713134765625
0.0003349781036376953
0.00032782554626464844
0.0003314018249511719
0.0003383159637451172
0.00035309791564941406
0.0003380775451660156
0.00035572052001953125
0.00034236907958984375
0.00032711029052734375
0.0003387928009033203
0.0003402233123779297
0.0003428459167480469
0.00033855438232421875
0.0003516674041748047
0.0003352165222167969
0.00033402442932128906
0.0003402233123779297
0.0003483295440673828
0.0003483295440673828
0.00034356117248535156
0.00034546852111816406
0.00033593177795410156
0.00033974647521972656
0.0003445148468017578
0.0003399848937988281
0.0003466606140136719
0.00033783912658691406
0.0003399848937988281
0.00034308433532714844
0.0003440380096435547
0.00034499168395996094
0.0003337860107421875
0.00034332275390625
0.0003428459167480469
0.0003407001495361328
0.0003342628479003906
0.0003464221954345703
0.00034356117248535156
0.00033783912658691406
0.000339508056640625
0.0003437995910644531
0.0003368854522705078
0.00033473968505859375
0.0003387928009033203
0.0003497600555419922
0.00034046173095703125
0.0003414154052734375
0.0003407001495361328
0.00034356117248535156
0.000339508056640625
0.00034332275390625
0.0003383159637451172
0.00033593177795410156
0.0003380775451660156
0.0003402233123779297
0.0003466606140136719
0.0003409385681152344
0.00034999847412109375
0.0003445148468017578
0.0003383159637451172
0.0003542900085449219
0.000335693359375
0.00033020973205566406
0.0003426074981689453
0.000339508056640625
0.0003459453582763672
0.0003523826599121094
0.0003371238708496094
0.0003383159637451172
0.0003407001495361328
0.00034356117248535156
0.00034117698669433594
0.0003407001495361328
0.0003495216369628906
0.00034046173095703125
0.00032639503479003906
0.0003426074981689453
0.0003426074981689453
0.0003476142883300781
0.00033974647521972656
0.00034427642822265625
0.00035572052001953125
0.0003440380096435547
0.0003554821014404297
0.00033783912658691406
0.00032806396484375
0.00034499168395996094
0.0003533363342285156
0.0003452301025390625
0.00034880638122558594
0.00034427642822265625
0.00033855438232421875
0.0003466606140136719
0.00034928321838378906
0.0003485679626464844
0.0003399848937988281
0.00034546852111816406
0.0003402233123779297
0.00033664703369140625
0.00035834312438964844
0.0003552436828613281
0.0003561973571777344
0.0003376007080078125
0.0003421306610107422
0.00035119056701660156
0.0003483295440673828
0.0003457069396972656
0.0003516674041748047
0.0003447532653808594
0.0003578662872314453
0.00034427642822265625
0.00035190582275390625
0.0003447532653808594
0.0003521442413330078
0.00033855438232421875
0.0003559589385986328
0.00035452842712402344
0.000354766845703125
0.0003457069396972656
0.0003478527069091797
0.0003483295440673828
0.0003464221954345703
0.0003402233123779297
0.0003533363342285156
0.0003414154052734375
0.0003457069396972656
0.0003421306610107422
0.00033545494079589844
0.0003445148468017578
0.00034689903259277344
0.0003342628479003906
0.0003464221954345703
0.0003528594970703125
0.0003402233123779297
0.0003552436828613281
0.00035262107849121094
0.0003457069396972656
0.0003497600555419922
0.00034928321838378906
0.00034117698669433594
0.00034546852111816406
0.0003368854522705078
0.0003304481506347656
0.0003635883331298828
0.0003497600555419922
0.00034046173095703125
0.00034332275390625
0.0003533363342285156
0.0003523826599121094
0.00033164024353027344
0.00036263465881347656
0.00034046173095703125
0.000347137451171875
0.0003409385681152344
0.00035762786865234375
0.00034427642822265625
0.0003509521484375
0.0003452301025390625
0.0003483295440673828
0.0003497600555419922
0.0003616809844970703
0.00035452842712402344
0.0003464221954345703
0.00035691261291503906
0.0003554821014404297
0.00034332275390625
0.0003504753112792969
0.0003485679626464844
0.0003426074981689453
0.00035262107849121094
0.0003554821014404297
0.00035262107849121094
0.0003390312194824219
0.0003421306610107422
0.0003440380096435547
0.00034689903259277344
0.0003571510314941406
0.0003478527069091797
0.00034499168395996094
0.00034737586975097656
0.0003504753112792969
0.0003504753112792969
0.0003476142883300781
0.0003571510314941406
0.00034618377685546875
0.0003437995910644531
0.0003476142883300781
0.00034928321838378906
0.00034689903259277344
0.0003552436828613281
0.0003361701965332031
0.00035691261291503906
0.0003414154052734375
0.000335693359375
0.00035834312438964844
0.00035381317138671875
0.00033593177795410156
0.00035309791564941406
0.000362396240234375
0.0003440380096435547
0.00035119056701660156
0.0003509521484375
0.00035262107849121094
0.00034546852111816406
0.00035500526428222656
0.0003502368927001953
0.0003478527069091797
0.0003485679626464844
0.0003514289855957031
0.0003561973571777344
0.0003528594970703125
0.00035500526428222656
0.00034546852111816406
0.00034880638122558594
0.0003597736358642578
0.00035190582275390625
0.00034689903259277344
0.00034427642822265625
0.0003616809844970703
0.00033926963806152344
0.0003342628479003906
0.0003418922424316406
0.0003437995910644531
0.0003428459167480469
0.0003502368927001953
0.00035691261291503906
0.0003552436828613281
0.00033354759216308594
0.0003554821014404297
0.0003485679626464844
0.0003452301025390625
0.0003592967987060547
0.0003509521484375
0.0003380775451660156
0.0003654956817626953
0.0003459453582763672
0.0003566741943359375
0.0003418922424316406
0.0003516674041748047
0.0003502368927001953
0.00035381317138671875
0.00035762786865234375
0.00034880638122558594
0.0003540515899658203
0.00035643577575683594
0.0003478527069091797
0.0003490447998046875
0.0003650188446044922
0.0003490447998046875
0.0003490447998046875
0.00036072731018066406
0.0003559589385986328
0.00036525726318359375
0.00036787986755371094
0.0003535747528076172
0.0003554821014404297
0.0003676414489746094
0.00035190582275390625
0.0003440380096435547
0.00035309791564941406
0.0003476142883300781
0.0003592967987060547
0.0003533363342285156
0.0003504753112792969
0.00035572052001953125
0.0003604888916015625
0.00035262107849121094
0.0003616809844970703
0.0003676414489746094
0.0003523826599121094
0.0003514289855957031
0.00034999847412109375
0.0003612041473388672
0.00035309791564941406
0.000347137451171875
0.0003724098205566406
0.00036334991455078125
0.00035953521728515625
0.00035381317138671875
0.0003733634948730469
0.0003445148468017578
0.0003674030303955078
0.0003612041473388672
0.00035500526428222656
0.00036525726318359375
0.0003554821014404297
0.00035953521728515625
0.0003514289855957031
0.0003559589385986328
0.0003688335418701172
0.00036072731018066406
0.0003612041473388672
0.0003566741943359375
0.0003685951232910156
0.0003535747528076172
0.0003540515899658203
0.00035881996154785156
0.00036215782165527344
0.0003540515899658203
0.0003566741943359375
0.00034689903259277344
0.00036215782165527344
0.00035834312438964844
0.0003485679626464844
0.00036025047302246094
0.00035953521728515625
0.0003619194030761719
0.0003669261932373047
0.0003654956817626953
0.00035190582275390625
0.00034928321838378906
0.0003581047058105469
0.0003559589385986328
0.00035262107849121094
0.0003592967987060547
0.0003688335418701172
0.00035119056701660156
0.00035643577575683594
0.0003628730773925781
0.0003616809844970703
0.0003578662872314453
0.000354766845703125
0.0003554821014404297
0.0003504753112792969
0.00035381317138671875
0.00036787986755371094
0.00033473968505859375
0.00037670135498046875
0.0003466606140136719
0.0003535747528076172
0.0003509521484375
0.0003573894500732422
0.0003643035888671875
0.00037384033203125
0.00035452842712402344
0.0003867149353027344
0.0003540515899658203
0.0003662109375
0.0003695487976074219
0.0003573894500732422
0.0003573894500732422
0.00037360191345214844
0.0003662109375
0.00035762786865234375
0.0003609657287597656
0.00036144256591796875
0.0003590583801269531
0.0003619194030761719
0.0003733634948730469
0.0003910064697265625
0.0003676414489746094
0.0003597736358642578
0.00038933753967285156
0.00036597251892089844
0.0003619194030761719
0.0003528594970703125
0.0003590583801269531
0.00035953521728515625
0.00034737586975097656
0.0003535747528076172
0.0003628730773925781
0.00037217140197753906
0.0003457069396972656
0.00045418739318847656
0.0004372596740722656
0.000457763671875
0.0004639625549316406
0.000453948974609375
0.00044417381286621094
0.0004513263702392578
0.00047659873962402344
0.0004558563232421875
0.0004436969757080078
0.0004508495330810547
0.00044846534729003906
0.000431060791015625
0.0004658699035644531
0.00045371055603027344
0.00044226646423339844
0.00044798851013183594
0.00044846534729003906
0.0004582405090332031
0.00044465065002441406
0.00044727325439453125
0.00045037269592285156
0.00044918060302734375
0.0004513263702392578
0.000453948974609375
0.00044918060302734375
0.00046133995056152344
0.00046324729919433594
0.0004558563232421875
0.0004398822784423828
