0.0043277740478515625
0.0008258819580078125
0.0009694099426269531
0.0011265277862548828
0.0013318061828613281
0.001409292221069336
0.0015439987182617188
0.0018470287322998047
0.0018928050994873047
0.0022280216217041016
0.0023674964904785156
0.0024213790893554688
0.002552509307861328
0.0028257369995117188
0.002941608428955078
0.0030205249786376953
0.0032007694244384766
0.003251791000366211
0.0035598278045654297
0.003679037094116211
0.003694295883178711
0.0038166046142578125
0.003954648971557617
0.004210233688354492
0.0041656494140625
0.004339456558227539
0.004721403121948242
0.004651784896850586
0.004867076873779297
0.004912614822387695
0.00507354736328125
0.005221366882324219
0.00545048713684082
0.005511283874511719
0.005624294281005859
0.005987882614135742
0.005709409713745117
0.0061151981353759766
0.005895137786865234
0.006390810012817383
0.006406307220458984
0.006512165069580078
0.0066661834716796875
0.006494045257568359
0.006912708282470703
0.007155656814575195
0.007010221481323242
0.007157564163208008
0.007545948028564453
0.007308006286621094
0.007918119430541992
0.007704496383666992
0.007946014404296875
0.008253335952758789
0.008100032806396484
0.008165836334228516
0.00856781005859375
0.009715795516967773
0.008902549743652344
0.00891423225402832
0.008826017379760742
0.00934743881225586
0.00912928581237793
0.009469270706176758
0.009669303894042969
0.009811639785766602
0.009678363800048828
0.00968480110168457
0.010146617889404297
0.010074853897094727
0.010189294815063477
0.01065206527709961
0.010553836822509766
0.010576486587524414
0.011112451553344727
0.010898590087890625
0.010922431945800781
0.011649131774902344
0.011466741561889648
0.011268854141235352
0.011213302612304688
0.011404991149902344
0.011809825897216797
0.012016534805297852
0.012327909469604492
0.012302637100219727
0.01217198371887207
0.012566328048706055
0.012639045715332031
0.012576103210449219
0.012685537338256836
0.012909412384033203
0.013003349304199219
0.013140201568603516
0.013150930404663086
0.013336658477783203
0.013612031936645508
0.013833999633789063
0.013742685317993164
0.014111518859863281
0.014337539672851563
0.014371633529663086
0.014482259750366211
0.014183759689331055
0.014787912368774414
0.015134572982788086
0.015218257904052734
0.015331029891967773
0.01514124870300293
0.015306234359741211
0.015973567962646484
0.01567554473876953
0.0156252384185791
0.016697168350219727
0.01634979248046875
0.01594090461730957
0.01683211326599121
0.01705336570739746
0.016681909561157227
0.01671457290649414
0.016752958297729492
0.0173647403717041
0.017491579055786133
0.017560958862304688
0.017339706420898438
0.017800331115722656
0.018705368041992188
0.017928600311279297
0.017863988876342773
0.01823592185974121
0.0183713436126709
0.01828145980834961
0.018092632293701172
0.01885199546813965
0.018623828887939453
0.018536806106567383
0.019272804260253906
0.0190885066986084
0.019623517990112305
0.019685983657836914
0.01973247528076172
0.019628524780273438
0.020415306091308594
0.020519018173217773
0.020208120346069336
0.020302534103393555
0.02040719985961914
0.020874738693237305
0.021043777465820313
0.021030187606811523
0.020537137985229492
0.02106618881225586
0.021514177322387695
0.021715879440307617
0.021810531616210938
0.021965503692626953
0.02201390266418457
0.02174830436706543
0.022168874740600586
0.022011995315551758
0.02204108238220215
0.022173643112182617
0.02255845069885254
0.02274322509765625
0.0228426456451416
0.02279186248779297
0.02347421646118164
0.023469924926757813
0.022420644760131836
0.022791385650634766
0.0237271785736084
0.023791790008544922
0.023318767547607422
0.023427724838256836
0.02392411231994629
0.023209095001220703
0.0233309268951416
0.023689985275268555
0.023731231689453125
0.023810863494873047
0.023592233657836914
0.024308443069458008
0.024148225784301758
0.02469635009765625
0.024654865264892578
0.024600982666015625
0.0247650146484375
0.024961471557617188
0.025036334991455078
0.024902820587158203
0.024729013442993164
0.024871826171875
0.02456498146057129
0.025490283966064453
0.025468826293945313
0.02480602264404297
0.024924039840698242
0.02520442008972168
0.025310754776000977
0.025669097900390625
0.02546072006225586
0.02530193328857422
0.025783777236938477
0.02547907829284668
0.02546238899230957
0.028316259384155273
0.026257753372192383
0.02624654769897461
0.026262283325195313
0.02628803253173828
0.026372671127319336
0.026990890502929688
0.026723861694335938
0.026882648468017578
0.026826858520507813
0.026760578155517578
0.027042150497436523
0.027358531951904297
0.026874780654907227
0.02661871910095215
0.027089834213256836
0.027512788772583008
0.026906728744506836
0.027063846588134766
0.027437925338745117
0.027039051055908203
0.02732086181640625
0.0270845890045166
0.027757883071899414
0.028011083602905273
0.027854442596435547
0.028411865234375
0.02817392349243164
0.028595447540283203
0.028591156005859375
0.028645753860473633
0.02851414680480957
0.02812957763671875
0.028506994247436523
0.028696537017822266
0.028522253036499023
0.02943110466003418
0.029146432876586914
0.02944326400756836
0.029135465621948242
0.029919862747192383
0.03008866310119629
0.030286073684692383
0.02989339828491211
0.029886484146118164
0.03043961524963379
0.030078411102294922
0.02971792221069336
0.02944636344909668
0.03041863441467285
0.030153274536132813
0.030118227005004883
0.030322790145874023
0.031189680099487305
0.03113079071044922
0.031087160110473633
0.030853748321533203
0.03077244758605957
0.03131365776062012
0.030432462692260742
0.030688047409057617
0.030907154083251953
0.031026840209960938
0.031148195266723633
0.03122568130493164
0.03142285346984863
0.0313413143157959
0.0311586856842041
0.03133416175842285
0.03173661231994629
0.03124213218688965
0.03192019462585449
0.031595706939697266
0.03137707710266113
0.031456947326660156
0.031450510025024414
0.03146934509277344
0.03182101249694824
0.03147768974304199
0.031909942626953125
0.03206968307495117
0.031987667083740234
0.03198719024658203
0.03219747543334961
0.03244733810424805
0.032202959060668945
0.03257894515991211
0.03290987014770508
0.03252148628234863
0.03284144401550293
0.03312873840332031
0.03276562690734863
0.03317523002624512
0.03322649002075195
0.0327911376953125
0.03298830986022949
0.03317618370056152
0.033135175704956055
0.03277707099914551
0.033281564712524414
0.033335208892822266
0.03322005271911621
0.03321099281311035
0.03402972221374512
0.03310561180114746
0.03308844566345215
0.033333778381347656
0.03342175483703613
0.033536672592163086
0.03345751762390137
0.03336620330810547
0.03401637077331543
0.033056020736694336
0.03328418731689453
0.033529043197631836
0.03348660469055176
0.03352713584899902
0.03386640548706055
0.033954620361328125
0.033844947814941406
0.03408622741699219
0.034607887268066406
0.03484153747558594
0.03471779823303223
0.0348360538482666
0.0353391170501709
0.03512978553771973
0.03462076187133789
0.035121917724609375
0.035134315490722656
0.035338401794433594
0.03441810607910156
0.03469681739807129
0.03489422798156738
0.035065650939941406
0.03507208824157715
0.0353388786315918
0.03499746322631836
0.03496193885803223
0.035132646560668945
0.03554081916809082
0.03513646125793457
0.03553009033203125
0.03563046455383301
0.03585314750671387
0.0356745719909668
0.03597688674926758
0.03621721267700195
0.03635072708129883
0.0364527702331543
0.03659772872924805
0.03597903251647949
0.03574657440185547
0.03627753257751465
0.035941362380981445
0.035941362380981445
0.03608131408691406
0.036127567291259766
0.0358891487121582
0.03611898422241211
0.035645246505737305
0.03611254692077637
0.03608131408691406
0.035916805267333984
0.03579211235046387
0.036406517028808594
0.0364377498626709
0.036432743072509766
0.03684568405151367
0.03695321083068848
0.0368809700012207
0.03710508346557617
0.03711056709289551
0.03646683692932129
0.03695988655090332
0.037053823471069336
0.03691554069519043
0.03632616996765137
0.037181854248046875
0.03726315498352051
0.03737640380859375
0.03763294219970703
0.037577152252197266
0.0379786491394043
0.037618398666381836
0.03744816780090332
0.03773689270019531
0.037564992904663086
0.03818345069885254
0.03792524337768555
0.03783059120178223
0.03793931007385254
0.03781437873840332
0.03909134864807129
0.039031028747558594
0.038805484771728516
0.038635969161987305
0.038518667221069336
0.03842782974243164
0.03806900978088379
0.03898429870605469
0.03883671760559082
0.03939485549926758
0.03879213333129883
0.039347171783447266
0.03941178321838379
0.03921866416931152
0.040409088134765625
0.040741920471191406
0.04062461853027344
0.04088544845581055
0.041178226470947266
0.04087233543395996
0.04093217849731445
0.039786338806152344
0.04023599624633789
0.04033493995666504
0.040091753005981445
0.04569864273071289
0.0401453971862793
0.04025006294250488
0.041655778884887695
0.04167008399963379
0.04185223579406738
0.04179811477661133
0.041695594787597656
0.04182863235473633
0.042856693267822266
0.042600393295288086
0.042733192443847656
0.042584896087646484
0.04295206069946289
0.0429079532623291
0.04619407653808594
0.042827606201171875
0.04297971725463867
0.04297924041748047
0.043227195739746094
0.04312491416931152
0.04366302490234375
0.04325127601623535
0.042829275131225586
0.043122291564941406
0.042678117752075195
0.04307103157043457
0.04315638542175293
0.043512582778930664
0.043619394302368164
0.04381060600280762
0.0438230037689209
0.04378008842468262
0.043921709060668945
0.04366421699523926
0.043554067611694336
0.04335975646972656
0.043894052505493164
0.04423213005065918
0.04422950744628906
0.04407620429992676
0.044585466384887695
0.04468512535095215
0.04471182823181152
0.04506349563598633
0.045458078384399414
0.045708417892456055
0.04566478729248047
0.0455021858215332
0.045693159103393555
0.0455930233001709
0.04629826545715332
0.04674553871154785
0.04623270034790039
0.0463712215423584
0.04686784744262695
0.046494245529174805
0.04632091522216797
0.047742366790771484
0.0475466251373291
0.0476069450378418
0.04763340950012207
0.04752326011657715
0.047142982482910156
0.0472111701965332
0.04704427719116211
0.0485687255859375
0.047872304916381836
0.04800891876220703
0.0482327938079834
0.04741096496582031
0.04783320426940918
0.04693007469177246
0.046906471252441406
0.04741215705871582
0.047010183334350586
0.047269344329833984
