0.0003726482391357422
0.0002129077911376953
0.00021386146545410156
0.00021266937255859375
0.0002143383026123047
0.000209808349609375
0.00020813941955566406
0.00021076202392578125
0.00020885467529296875
0.00021195411682128906
0.0002186298370361328
0.00023412704467773438
0.00021195411682128906
0.0002090930938720703
0.0002200603485107422
0.0002186298370361328
0.00020575523376464844
0.0002181529998779297
0.0002105236053466797
0.0002110004425048828
0.00021982192993164063
0.00021409988403320313
0.0002110004425048828
0.00024008750915527344
0.0002155303955078125
0.0002155303955078125
0.0002110004425048828
0.00021028518676757813
0.0002129077911376953
0.00021076202392578125
0.00021505355834960938
0.00021219253540039063
0.0002181529998779297
0.00021457672119140625
0.0002155303955078125
0.00021505355834960938
0.00021028518676757813
0.0002200603485107422
0.00021576881408691406
0.0002193450927734375
0.00022149085998535156
0.0002124309539794922
0.00020575523376464844
0.000225067138671875
0.0002181529998779297
0.00022673606872558594
0.00021529197692871094
0.00021123886108398438
0.00021719932556152344
0.00021004676818847656
0.0002067089080810547
0.000209808349609375
0.00020384788513183594
0.0001971721649169922
0.0002224445343017578
0.00022292137145996094
0.0002155303955078125
0.0002186298370361328
0.0002186298370361328
0.0002117156982421875
0.00021076202392578125
0.00021505355834960938
0.00021600723266601563
0.00021004676818847656
0.00020265579223632813
0.00021529197692871094
0.000213623046875
0.0002143383026123047
0.00021219253540039063
0.00021505355834960938
0.00020813941955566406
0.00020194053649902344
0.0002067089080810547
0.00022172927856445313
0.00021982192993164063
0.00022077560424804688
0.00021338462829589844
0.0002257823944091797
0.00021028518676757813
0.00021147727966308594
0.00022101402282714844
0.000213623046875
0.00021886825561523438
0.00021576881408691406
0.00022339820861816406
0.0002143383026123047
0.000213623046875
0.00021791458129882813
0.0002086162567138672
0.0002040863037109375
0.00022363662719726563
0.00021910667419433594
0.00021505355834960938
0.00023031234741210938
0.00022077560424804688
0.00020647048950195313
0.00020265579223632813
0.0002238750457763672
0.00021314620971679688
0.0002238750457763672
0.00021386146545410156
0.00021338462829589844
0.00020647048950195313
0.00020360946655273438
0.0002181529998779297
0.00021147727966308594
0.00021314620971679688
0.0002117156982421875
0.00020933151245117188
0.00021123886108398438
0.00020170211791992188
0.000209808349609375
0.0002129077911376953
0.0002086162567138672
0.00021600723266601563
0.0002110004425048828
0.00021338462829589844
0.00021386146545410156
0.00021696090698242188
0.00021123886108398438
0.00021338462829589844
0.00022530555725097656
0.00022077560424804688
0.0002231597900390625
0.0002346038818359375
0.00021028518676757813
0.00020551681518554688
0.0002052783966064453
0.00021195411682128906
0.00020813941955566406
0.000213623046875
0.00021314620971679688
0.00020742416381835938
0.0002110004425048828
0.0002079010009765625
0.00021195411682128906
0.00020599365234375
0.00021886825561523438
0.00020742416381835938
0.0002186298370361328
0.0002067089080810547
0.0002205371856689453
0.00021958351135253906
0.00020384788513183594
0.00020313262939453125
0.0002205371856689453
0.00021195411682128906
0.0002162456512451172
0.0002117156982421875
0.00021004676818847656
0.0002167224884033203
0.00022220611572265625
0.00022268295288085938
0.00020313262939453125
0.00020003318786621094
0.00021696090698242188
0.0002129077911376953
0.0002205371856689453
0.00021600723266601563
0.000217437744140625
0.0002193450927734375
0.00021576881408691406
0.00020742416381835938
0.00020813941955566406
0.000202178955078125
0.0002117156982421875
0.0002117156982421875
0.000209808349609375
0.00021600723266601563
0.0002224445343017578
0.00021195411682128906
0.0002090930938720703
0.00022125244140625
0.0002052783966064453
0.00020265579223632813
0.00021409988403320313
0.00020956993103027344
0.000209808349609375
0.00021338462829589844
0.0002200603485107422
0.00021529197692871094
0.00022125244140625
0.00020956993103027344
0.00021028518676757813
0.00021576881408691406
0.0002181529998779297
0.00020194053649902344
0.00019598007202148438
0.00021147727966308594
0.00020384788513183594
0.0002181529998779297
0.0002460479736328125
0.00021219253540039063
0.00021791458129882813
0.00021266937255859375
0.00021529197692871094
0.00020384788513183594
0.00020551681518554688
0.00021409988403320313
0.0002219676971435547
0.0002143383026123047
0.00021767616271972656
0.00021576881408691406
0.00021982192993164063
0.00021386146545410156
0.0002162456512451172
0.00021123886108398438
0.0002238750457763672
0.0002181529998779297
0.0002148151397705078
0.0002117156982421875
0.0002148151397705078
0.00021576881408691406
0.0001995563507080078
0.00021982192993164063
0.0002262592315673828
0.0002186298370361328
0.00022101402282714844
0.0002231597900390625
0.00021409988403320313
0.00021886825561523438
0.00021839141845703125
0.00020885467529296875
0.0002181529998779297
0.000213623046875
0.0002117156982421875
0.00020074844360351563
0.0002281665802001953
0.00020194053649902344
0.00021982192993164063
0.0002193450927734375
0.00021386146545410156
0.00021886825561523438
0.00021505355834960938
0.00021386146545410156
0.000213623046875
0.00021028518676757813
0.00021123886108398438
0.0002117156982421875
0.00022220611572265625
0.0002167224884033203
0.00021004676818847656
0.0002071857452392578
0.0002167224884033203
0.00020885467529296875
0.00021386146545410156
0.00021576881408691406
0.0002162456512451172
0.00021409988403320313
0.00021195411682128906
0.00021266937255859375
0.0002086162567138672
0.00020813941955566406
0.00022792816162109375
0.00022602081298828125
0.00022530555725097656
0.0002143383026123047
0.00020647048950195313
0.00022149085998535156
0.0002079010009765625
0.00020575523376464844
0.00020074844360351563
0.00021457672119140625
0.0002162456512451172
0.0002143383026123047
0.00021505355834960938
0.00021409988403320313
0.00021386146545410156
0.00020885467529296875
0.00021338462829589844
0.00020933151245117188
0.00021886825561523438
0.000217437744140625
0.00021791458129882813
0.0002205371856689453
0.0006880760192871094
0.00022101402282714844
0.00021338462829589844
0.00021004676818847656
0.0002052783966064453
0.00021314620971679688
0.0002181529998779297
0.00020384788513183594
0.00019502639770507813
0.00020694732666015625
0.0002129077911376953
0.00020694732666015625
0.000217437744140625
0.00022029876708984375
0.00021409988403320313
0.00021195411682128906
0.00021266937255859375
0.00021123886108398438
0.0002148151397705078
0.00021886825561523438
0.00020956993103027344
0.00021886825561523438
0.00021958351135253906
0.00021576881408691406
0.00021266937255859375
0.00021910667419433594
0.00021648406982421875
0.00021505355834960938
0.00021767616271972656
0.0002052783966064453
0.0002129077911376953
0.00021457672119140625
0.00021076202392578125
0.0002090930938720703
0.0002129077911376953
0.0002090930938720703
0.00019931793212890625
0.000209808349609375
0.00021028518676757813
0.00020265579223632813
0.00021147727966308594
0.00021505355834960938
0.00021195411682128906
0.00021886825561523438
0.000217437744140625
0.00021982192993164063
0.00021338462829589844
0.00020456314086914063
0.00021600723266601563
0.0002148151397705078
0.00020956993103027344
0.000213623046875
0.00020360946655273438
0.00021123886108398438
0.0002148151397705078
0.00022029876708984375
0.0002117156982421875
0.0002143383026123047
0.00021195411682128906
0.00021123886108398438
0.00021219253540039063
0.0002200603485107422
0.00021505355834960938
0.0002181529998779297
0.0002086162567138672
0.0002167224884033203
0.0002110004425048828
0.00021791458129882813
0.00021529197692871094
0.0002129077911376953
0.00021910667419433594
0.00021600723266601563
0.00020766258239746094
0.0002338886260986328
0.00020837783813476563
0.0002071857452392578
0.00020170211791992188
0.00020837783813476563
0.0002117156982421875
0.00020503997802734375
0.00021648406982421875
0.0002117156982421875
0.00020265579223632813
0.00021314620971679688
0.00020456314086914063
0.0002009868621826172
0.00020551681518554688
0.00020599365234375
0.0001995563507080078
0.000217437744140625
0.00021004676818847656
0.0002028942108154297
0.00020623207092285156
0.00021219253540039063
0.00020503997802734375
0.0002181529998779297
0.00021505355834960938
0.00020313262939453125
0.00021386146545410156
0.0002243518829345703
0.0002028942108154297
0.00021648406982421875
0.00021576881408691406
0.00021076202392578125
0.00022149085998535156
0.00020885467529296875
0.00021076202392578125
0.00021910667419433594
0.00021386146545410156
0.00021076202392578125
0.0002148151397705078
0.00021028518676757813
0.00021982192993164063
0.0002231597900390625
0.00021529197692871094
0.00021028518676757813
0.0002129077911376953
0.00021195411682128906
0.0002110004425048828
0.00021600723266601563
0.00021409988403320313
0.00020170211791992188
0.0002148151397705078
0.00021147727966308594
0.0002079010009765625
0.0002079010009765625
0.0002090930938720703
0.00019860267639160156
0.0002117156982421875
0.0002033710479736328
0.0001976490020751953
0.00022101402282714844
0.00021839141845703125
0.0002002716064453125
0.00020766258239746094
0.00021696090698242188
0.00020194053649902344
0.00020813941955566406
0.000213623046875
0.0002067089080810547
0.00021147727966308594
0.00021791458129882813
0.00020956993103027344
0.00022149085998535156
0.0002162456512451172
0.0002009868621826172
0.00021076202392578125
0.00020813941955566406
0.00020599365234375
0.0002117156982421875
0.00020956993103027344
0.00021266937255859375
0.0002086162567138672
0.00021004676818847656
0.00021648406982421875
0.0002090930938720703
0.00021409988403320313
0.00021457672119140625
0.0002181529998779297
0.000209808349609375
0.00021576881408691406
0.0002224445343017578
0.00021696090698242188
0.00020813941955566406
0.00021529197692871094
0.00021386146545410156
0.0002143383026123047
0.000209808349609375
0.00020956993103027344
0.00023126602172851563
0.00021386146545410156
0.00021076202392578125
0.00021338462829589844
0.0002307891845703125
0.00020885467529296875
0.00022220611572265625
0.0002143383026123047
0.0002129077911376953
0.0002129077911376953
0.00021219253540039063
0.00020575523376464844
0.0002162456512451172
0.00021719932556152344
0.000202178955078125
0.00021600723266601563
0.00021338462829589844
0.000209808349609375
0.00021505355834960938
0.00021576881408691406
0.00020956993103027344
0.00021839141845703125
0.00021600723266601563
0.00021314620971679688
0.0002124309539794922
0.00021004676818847656
0.00021719932556152344
0.0002205371856689453
0.00021457672119140625
0.00020647048950195313
0.00021958351135253906
0.0002124309539794922
0.00022077560424804688
0.00020813941955566406
0.0002086162567138672
0.00021648406982421875
0.00021719932556152344
0.0002079010009765625
0.0002205371856689453
0.0002148151397705078
0.00021409988403320313
0.00021696090698242188
0.00021409988403320313
0.00021529197692871094
0.00022459030151367188
0.0002129077911376953
0.00021409988403320313
0.000209808349609375
0.00021004676818847656
0.00020813941955566406
0.0002028942108154297
0.00020742416381835938
0.0002148151397705078
0.00021409988403320313
0.0002238750457763672
0.0002200603485107422
