0.0004703998565673828
0.0002319812774658203
0.00021028518676757813
0.00020456314086914063
0.00021004676818847656
0.00021767616271972656
0.0002105236053466797
0.00021982192993164063
0.0002205371856689453
0.00021648406982421875
0.00021791458129882813
0.00021314620971679688
0.00021386146545410156
0.00021600723266601563
0.00021529197692871094
0.0002162456512451172
0.00021791458129882813
0.00021457672119140625
0.0002067089080810547
0.0002205371856689453
0.0002295970916748047
0.00020694732666015625
0.00020360946655273438
0.0002186298370361328
0.00022840499877929688
0.00022172927856445313
0.0002281665802001953
0.00021505355834960938
0.0002238750457763672
0.00022077560424804688
0.0002124309539794922
0.00021958351135253906
0.00020885467529296875
0.0002110004425048828
0.00021886825561523438
0.00021147727966308594
0.0002117156982421875
0.00021314620971679688
0.00022077560424804688
0.00021314620971679688
0.00021386146545410156
0.0002110004425048828
0.00021576881408691406
0.00022792816162109375
0.0002155303955078125
0.00022172927856445313
0.000213623046875
0.00021147727966308594
0.00020432472229003906
0.0002143383026123047
0.00021529197692871094
0.00022220611572265625
0.0002148151397705078
0.0002148151397705078
0.0002129077911376953
0.0002167224884033203
0.00022459030151367188
0.00021719932556152344
0.000217437744140625
0.000217437744140625
0.00021576881408691406
0.00022101402282714844
0.00021767616271972656
0.00021791458129882813
0.00021767616271972656
0.00021457672119140625
0.0002067089080810547
0.00021338462829589844
0.00022077560424804688
0.00022149085998535156
0.00021767616271972656
0.0002200603485107422
0.0002238750457763672
0.00021791458129882813
0.00021076202392578125
0.0002224445343017578
0.00021505355834960938
0.00022149085998535156
0.0002200603485107422
0.0002200603485107422
0.0002186298370361328
0.00021958351135253906
0.00022125244140625
0.0002090930938720703
0.00020623207092285156
0.000209808349609375
0.00021529197692871094
0.00021719932556152344
0.00021457672119140625
0.0002262592315673828
0.00021910667419433594
0.00020766258239746094
0.0002238750457763672
0.00021386146545410156
0.00022530555725097656
0.000217437744140625
0.00021791458129882813
0.0002186298370361328
0.0002162456512451172
0.0002205371856689453
0.0002193450927734375
0.0002181529998779297
0.00022125244140625
0.0002257823944091797
0.00021648406982421875
0.00021123886108398438
0.00022220611572265625
0.00022220611572265625
0.00021076202392578125
0.00021886825561523438
0.00021338462829589844
0.00021600723266601563
0.00022149085998535156
0.00021886825561523438
0.0002219676971435547
0.00023031234741210938
0.00021958351135253906
0.00022029876708984375
0.0002276897430419922
0.000213623046875
0.00022268295288085938
0.0002238750457763672
0.0002155303955078125
0.00022411346435546875
0.0002155303955078125
0.00022459030151367188
0.00022411346435546875
0.00021886825561523438
0.00021505355834960938
0.000209808349609375
0.00022935867309570313
0.00022673606872558594
0.0002269744873046875
0.0002186298370361328
0.00021338462829589844
0.000213623046875
0.00021409988403320313
0.0002181529998779297
0.0002181529998779297
0.00024509429931640625
0.00021719932556152344
0.00022459030151367188
0.00021505355834960938
0.00023317337036132813
0.00022220611572265625
0.00021195411682128906
0.00021386146545410156
0.0002186298370361328
0.00023031234741210938
0.0002181529998779297
0.0002224445343017578
0.00022101402282714844
0.00022268295288085938
0.0002181529998779297
0.0002276897430419922
0.00021529197692871094
0.00020432472229003906
0.00022673606872558594
0.00022840499877929688
0.00022268295288085938
0.00021409988403320313
0.00021648406982421875
0.00022077560424804688
0.00023651123046875
0.00022077560424804688
0.00022077560424804688
0.00021076202392578125
0.0002300739288330078
0.0002238750457763672
0.0002143383026123047
0.0002269744873046875
0.0002129077911376953
0.0002181529998779297
0.00022363662719726563
0.0002353191375732422
0.00022125244140625
0.00021505355834960938
0.00021958351135253906
0.0002334117889404297
0.00021505355834960938
0.0002238750457763672
0.00020837783813476563
0.0002276897430419922
0.00022459030151367188
0.00021409988403320313
0.0002231597900390625
0.00022101402282714844
0.00023865699768066406
0.00021076202392578125
0.0002079010009765625
0.00022482872009277344
0.00022673606872558594
0.00021910667419433594
0.00022172927856445313
0.000225067138671875
0.00022220611572265625
0.00022172927856445313
0.00021910667419433594
0.0002155303955078125
0.0002155303955078125
0.00023031234741210938
0.0002167224884033203
0.00021314620971679688
0.00022649765014648438
0.00021719932556152344
0.0002193450927734375
0.0002238750457763672
0.00021958351135253906
0.00021910667419433594
0.00022339820861816406
0.0002186298370361328
0.00022220611572265625
0.00022077560424804688
0.0002200603485107422
0.00023317337036132813
0.00020933151245117188
0.0002257823944091797
0.0002129077911376953
0.00021529197692871094
0.00021767616271972656
0.00021696090698242188
0.000217437744140625
0.00021696090698242188
0.00021958351135253906
0.00022554397583007813
0.00021719932556152344
0.00021505355834960938
0.00021791458129882813
0.00022077560424804688
0.00021648406982421875
0.00022363662719726563
0.00021409988403320313
0.00022530555725097656
0.00022292137145996094
0.00021004676818847656
0.00022363662719726563
0.00022101402282714844
0.00022292137145996094
0.00021958351135253906
0.00022745132446289063
0.0002155303955078125
0.000217437744140625
0.00023102760314941406
0.00022101402282714844
0.00022292137145996094
0.0002338886260986328
0.00021982192993164063
0.00022292137145996094
0.00022125244140625
0.00022792816162109375
0.0002338886260986328
0.0002453327178955078
0.00021409988403320313
0.00024890899658203125
0.00022077560424804688
0.00022149085998535156
0.00022268295288085938
0.00022482872009277344
0.0002276897430419922
0.0002219676971435547
0.00022935867309570313
0.0002224445343017578
0.0002231597900390625
0.00022673606872558594
0.00021982192993164063
0.00022721290588378906
0.00021600723266601563
0.00021910667419433594
0.00021791458129882813
0.00020456314086914063
0.00022363662719726563
0.0002288818359375
0.00022029876708984375
0.00022172927856445313
0.00021910667419433594
0.00022459030151367188
0.00021791458129882813
0.00023436546325683594
0.00021982192993164063
0.00022840499877929688
0.00022673606872558594
0.00022411346435546875
0.00022792816162109375
0.00022745132446289063
0.00022745132446289063
0.00022983551025390625
0.00022673606872558594
0.00021600723266601563
0.00021386146545410156
0.00023627281188964844
0.00022172927856445313
0.0002090930938720703
0.0002231597900390625
0.0002219676971435547
0.0002181529998779297
0.00022125244140625
0.0002396106719970703
0.00022363662719726563
0.0002295970916748047
0.00022459030151367188
0.00022721290588378906
0.00022530555725097656
0.00022220611572265625
0.00022172927856445313
0.00022983551025390625
0.0002319812774658203
0.00021839141845703125
0.0002560615539550781
0.00023365020751953125
0.0002391338348388672
0.00024271011352539063
0.0002288818359375
0.00022602081298828125
0.00022912025451660156
0.0002269744873046875
0.00021982192993164063
0.000213623046875
0.00023221969604492188
0.0002193450927734375
0.00022101402282714844
0.00021529197692871094
0.00021386146545410156
0.00021505355834960938
0.00022411346435546875
0.0002193450927734375
0.00022482872009277344
0.00021958351135253906
0.00024437904357910156
0.00022482872009277344
0.00022363662719726563
0.00024366378784179688
0.00022077560424804688
0.0002460479736328125
0.00021886825561523438
0.00024271011352539063
0.00022935867309570313
0.00023508071899414063
0.0002181529998779297
0.0002307891845703125
0.00022864341735839844
0.000232696533203125
0.00022864341735839844
0.00021791458129882813
0.00023126602172851563
0.00022602081298828125
0.00022292137145996094
0.00022101402282714844
0.000225067138671875
0.00021767616271972656
0.0002276897430419922
0.0002262592315673828
0.00022101402282714844
0.0002262592315673828
0.0002238750457763672
0.00023674964904785156
0.0002295970916748047
0.0002238750457763672
0.00023937225341796875
0.00022363662719726563
0.0002238750457763672
0.0002219676971435547
0.00023484230041503906
0.00026226043701171875
0.0002231597900390625
0.0002269744873046875
0.00023317337036132813
0.00022268295288085938
0.00022554397583007813
0.00022077560424804688
0.0002117156982421875
0.0002510547637939453
0.0002338886260986328
0.00023055076599121094
0.00021839141845703125
0.00023055076599121094
0.00022482872009277344
0.000225067138671875
0.0002243518829345703
0.00022459030151367188
0.00021910667419433594
0.0002219676971435547
0.00022792816162109375
0.00022268295288085938
0.00023126602172851563
0.0002357959747314453
0.00022554397583007813
0.00021648406982421875
0.00023293495178222656
0.00022268295288085938
0.00022149085998535156
0.0002288818359375
0.00021386146545410156
0.00021386146545410156
0.00021696090698242188
0.00021791458129882813
0.00021529197692871094
0.00021958351135253906
0.0002276897430419922
0.00022554397583007813
0.0002219676971435547
0.00026345252990722656
0.0002193450927734375
0.0002484321594238281
0.00023746490478515625
0.00022292137145996094
0.0002281665802001953
0.00022482872009277344
0.00022554397583007813
0.00022172927856445313
0.00021409988403320313
0.00022792816162109375
0.0002276897430419922
0.00024271011352539063
0.00023293495178222656
0.00021886825561523438
0.00022029876708984375
0.00022459030151367188
0.0002205371856689453
0.00024366378784179688
0.00022220611572265625
0.0002219676971435547
0.00021457672119140625
0.00022649765014648438
0.0002334117889404297
0.0002257823944091797
0.00022602081298828125
0.0002276897430419922
0.000225067138671875
0.00022935867309570313
0.00022459030151367188
0.00022459030151367188
0.00023317337036132813
0.00023245811462402344
0.0002262592315673828
0.00023555755615234375
0.00022339820861816406
0.00023937225341796875
0.00024127960205078125
0.00023055076599121094
0.00022602081298828125
0.0002257823944091797
0.00022363662719726563
0.00021982192993164063
0.0002295970916748047
0.00022482872009277344
0.00021648406982421875
0.00021719932556152344
0.00021457672119140625
0.00021696090698242188
0.00022745132446289063
0.00021886825561523438
0.00022077560424804688
0.00022292137145996094
0.0002231597900390625
0.00022411346435546875
0.00023508071899414063
0.0002334117889404297
0.00022411346435546875
0.00023055076599121094
0.00022983551025390625
0.00021886825561523438
0.0002276897430419922
0.00021696090698242188
0.00022935867309570313
0.0002219676971435547
0.00023221969604492188
0.0002243518829345703
0.00022721290588378906
0.00023126602172851563
0.00023293495178222656
0.00022983551025390625
0.00021123886108398438
0.00022339820861816406
0.0002493858337402344
0.0002162456512451172
0.00022292137145996094
0.00023174285888671875
0.00022339820861816406
0.00022077560424804688
0.00022602081298828125
0.00022459030151367188
0.00022673606872558594
0.00022649765014648438
0.00022554397583007813
0.00023436546325683594
0.00022530555725097656
0.00022101402282714844
0.00022649765014648438
0.00024771690368652344
0.0002334117889404297
0.00022149085998535156
0.00021696090698242188
0.0002219676971435547
0.000225067138671875
0.0002377033233642578
0.00023484230041503906
0.0002262592315673828
0.00022482872009277344
0.0002219676971435547
0.00022912025451660156
