0.027601242065429688
0.00039839744567871094
0.0003917217254638672
0.0003979206085205078
0.00039887428283691406
0.00041103363037109375
0.00039958953857421875
0.0003941059112548828
0.00040531158447265625
0.0004017353057861328
0.0003986358642578125
0.0004172325134277344
0.0004038810729980469
0.0003962516784667969
0.0003840923309326172
0.000400543212890625
0.00039839744567871094
0.00040268898010253906
0.0003974437713623047
0.0004050731658935547
0.000408172607421875
0.0003974437713623047
0.000400543212890625
0.0004115104675292969
0.00040221214294433594
0.00039839744567871094
0.00039577484130859375
0.0004076957702636719
0.0003943443298339844
0.00039887428283691406
0.00040078163146972656
0.0003998279571533203
0.00040841102600097656
0.0004017353057861328
0.0004019737243652344
0.0004012584686279297
0.0004055500030517578
0.00040435791015625
0.0004086494445800781
0.0003981590270996094
0.0004057884216308594
0.00040841102600097656
0.0003952980041503906
0.00039958953857421875
0.0003895759582519531
0.00040340423583984375
0.0004074573516845703
0.0004000663757324219
0.0004000663757324219
0.0004048347473144531
0.0004150867462158203
0.000400543212890625
0.0004131793975830078
0.0004062652587890625
0.0003955364227294922
0.00039577484130859375
0.0004029273986816406
0.00040793418884277344
0.00041794776916503906
0.00040602684020996094
0.0004036426544189453
0.00040149688720703125
0.0004048347473144531
0.0004124641418457031
0.0004112720489501953
0.0004162788391113281
0.0004119873046875
0.0004107952117919922
0.0004055500030517578
0.0004048347473144531
0.0004124641418457031
0.00041294097900390625
0.0004088878631591797
0.0004010200500488281
0.00041484832763671875
0.00040984153747558594
0.0004229545593261719
0.0004067420959472656
0.0004124641418457031
0.0004055500030517578
0.0003943443298339844
0.00040459632873535156
0.0004048347473144531
0.00040841102600097656
0.0004134178161621094
0.0004200935363769531
0.00040459632873535156
0.0003974437713623047
0.0004069805145263672
0.00040459632873535156
0.0004115104675292969
0.00040602684020996094
0.0004189014434814453
0.00040602684020996094
0.00040793418884277344
0.00040912628173828125
0.0004127025604248047
0.00041675567626953125
0.00040912628173828125
0.0004112720489501953
0.0004096031188964844
0.0004012584686279297
0.00041675567626953125
0.0004131793975830078
0.0004096031188964844
0.0004169940948486328
0.0004107952117919922
0.00041031837463378906
0.0004189014434814453
0.0004138946533203125
0.00041222572326660156
0.0004134178161621094
0.0004267692565917969
0.00042128562927246094
0.00040459632873535156
0.0003993511199951172
0.0004153251647949219
0.00043010711669921875
0.00042057037353515625
0.0004127025604248047
0.0004169940948486328
0.00041961669921875
0.0004069805145263672
0.0004177093505859375
0.00041604042053222656
0.00042319297790527344
0.00041937828063964844
0.0004169940948486328
0.0004143714904785156
0.00041747093200683594
0.0004184246063232422
0.0004124641418457031
0.0004100799560546875
0.00042366981506347656
0.00042748451232910156
0.00042700767517089844
0.00042319297790527344
0.00041484832763671875
0.0004200935363769531
0.00040721893310546875
0.00041556358337402344
0.00041866302490234375
0.00040602684020996094
0.00042319297790527344
0.0004189014434814453
0.0004181861877441406
0.00041866302490234375
0.00041604042053222656
0.0004162788391113281
0.00041413307189941406
0.00040984153747558594
0.00041794776916503906
0.00041413307189941406
0.00041484832763671875
0.0004146099090576172
0.0004208087921142578
0.00042057037353515625
0.0004229545593261719
0.00041413307189941406
0.00040793418884277344
0.0004267692565917969
0.0004222393035888672
0.0004210472106933594
0.0004324913024902344
0.0004162788391113281
0.0004222393035888672
0.00042128562927246094
0.00041747093200683594
0.0004286766052246094
0.0004227161407470703
0.0004267692565917969
0.0004222393035888672
0.0004172325134277344
0.00041484832763671875
0.00042176246643066406
0.0004286766052246094
0.00042247772216796875
0.00042319297790527344
0.0004105567932128906
0.00041937828063964844
0.0004258155822753906
0.0004248619079589844
0.0004229545593261719
0.00041937828063964844
0.00042724609375
0.00042128562927246094
0.00042819976806640625
0.0004303455352783203
0.0004291534423828125
0.00043010711669921875
0.0004284381866455078
0.0004220008850097656
0.0004127025604248047
0.00043463706970214844
0.00041961669921875
0.00042891502380371094
0.0004305839538574219
0.00042819976806640625
0.0004315376281738281
0.00042438507080078125
0.0004267692565917969
0.00043654441833496094
0.00043320655822753906
0.0004229545593261719
0.0004172325134277344
0.00041866302490234375
0.0004222393035888672
0.00043773651123046875
0.00042748451232910156
0.0004279613494873047
0.0004277229309082031
0.00042891502380371094
0.0004248619079589844
0.00042891502380371094
0.00042700767517089844
0.00041937828063964844
0.0004260540008544922
0.0004265308380126953
0.0004284381866455078
0.00042891502380371094
0.00042629241943359375
0.00041484832763671875
0.0004355907440185547
0.0004253387451171875
0.0004291534423828125
0.0004343986511230469
0.0004298686981201172
0.0004284381866455078
0.0004291534423828125
0.0004284381866455078
0.0004324913024902344
0.0004239082336425781
0.0004253387451171875
0.0004363059997558594
0.00041985511779785156
0.00043702125549316406
0.00043392181396484375
0.0004260540008544922
0.00042629241943359375
0.000423431396484375
0.00042510032653808594
0.0005128383636474609
0.00043392181396484375
0.0004341602325439453
0.00044846534729003906
0.00043272972106933594
0.00043392181396484375
0.00043964385986328125
0.00043654441833496094
0.00042724609375
0.0004253387451171875
0.000438690185546875
0.00042748451232910156
0.00042748451232910156
0.0004248619079589844
0.0004353523254394531
0.00042057037353515625
0.0004343986511230469
0.0004291534423828125
0.0004303455352783203
0.0004470348358154297
0.00042700767517089844
0.00043773651123046875
0.00043702125549316406
0.0004467964172363281
0.000446319580078125
0.0004336833953857422
0.00044608116149902344
0.0004322528839111328
0.0004324913024902344
0.00044727325439453125
0.0004470348358154297
0.0004277229309082031
0.000431060791015625
0.0004360675811767578
0.0004296302795410156
0.00044918060302734375
0.00043392181396484375
0.00044083595275878906
0.0004248619079589844
0.00042629241943359375
0.0004315376281738281
0.0004410743713378906
0.00043487548828125
0.0004360675811767578
0.00043511390686035156
0.00044226646423339844
0.0004303455352783203
0.00044035911560058594
0.0004305839538574219
0.0004379749298095703
0.000431060791015625
0.0004363059997558594
0.0004363059997558594
0.0004341602325439453
0.00043964385986328125
0.0004248619079589844
0.0004241466522216797
0.0004367828369140625
0.00044608116149902344
0.00041747093200683594
0.00042891502380371094
0.0004391670227050781
0.0004341602325439453
0.0004298686981201172
0.00044155120849609375
0.0004284381866455078
0.0004355907440185547
0.0004363059997558594
0.0004372596740722656
0.0004336833953857422
0.00042891502380371094
0.0004341602325439453
0.0004391670227050781
0.00043582916259765625
0.0004382133483886719
0.0004429817199707031
0.0004355907440185547
0.0004372596740722656
0.00044226646423339844
0.0004391670227050781
0.0004444122314453125
0.00043392181396484375
0.00044155120849609375
0.00042510032653808594
0.0004448890686035156
0.00042319297790527344
0.0004260540008544922
0.0004291534423828125
0.00043201446533203125
0.0004258155822753906
0.00042819976806640625
0.0004420280456542969
0.0004448890686035156
0.0004253387451171875
0.0004296302795410156
0.00043082237243652344
0.0004398822784423828
0.00044083595275878906
0.0004410743713378906
0.00045371055603027344
0.00043511390686035156
0.0004372596740722656
0.0004458427429199219
0.00043463706970214844
0.0004410743713378906
0.0004305839538574219
0.0004353523254394531
0.0004360675811767578
0.0004394054412841797
0.0004482269287109375
0.00044655799865722656
0.0004372596740722656
0.00043964385986328125
0.00045037269592285156
0.0004429817199707031
0.00043654441833496094
0.00043082237243652344
0.0004305839538574219
0.0004558563232421875
0.0004551410675048828
0.0004367828369140625
0.0004425048828125
0.0004315376281738281
0.0004355907440185547
0.00043582916259765625
0.00044727325439453125
0.0004429817199707031
0.0004391670227050781
0.0004534721374511719
0.00043964385986328125
0.0004336833953857422
0.00044226646423339844
0.0004334449768066406
0.00043511390686035156
0.00044417381286621094
0.00043702125549316406
0.00043392181396484375
0.0004410743713378906
0.0004374980926513672
0.0004410743713378906
0.00044155120849609375
0.0004341602325439453
0.0004410743713378906
0.0004429817199707031
0.0004367828369140625
0.0004458427429199219
0.0004444122314453125
0.00044155120849609375
0.0004401206970214844
0.0004360675811767578
0.0004436969757080078
0.00044083595275878906
0.0004391670227050781
0.0004444122314453125
0.00045108795166015625
0.0004413127899169922
0.00044274330139160156
0.0004334449768066406
0.0004620552062988281
0.0004432201385498047
0.00044465065002441406
0.0004382133483886719
0.00044655799865722656
0.00044155120849609375
0.0004410743713378906
0.00044608116149902344
0.0004329681396484375
0.00044083595275878906
0.0004343986511230469
0.00044608116149902344
0.00043845176696777344
0.0004546642303466797
0.0004401206970214844
0.0004405975341796875
0.0004401206970214844
0.0004372596740722656
0.0004444122314453125
0.00044465065002441406
0.0004353523254394531
0.00043463706970214844
0.0004394054412841797
0.0004475116729736328
0.00044989585876464844
0.0004513263702392578
0.000446319580078125
0.0004334449768066406
0.0004372596740722656
0.0004413127899169922
0.0006272792816162109
0.0005562305450439453
0.0005459785461425781
0.0005548000335693359
0.0005390644073486328
0.0005502700805664063
0.0005507469177246094
0.0005407333374023438
0.000568389892578125
0.0005443096160888672
0.0005469322204589844
0.0005567073822021484
0.0005469322204589844
0.0005478858947753906
0.0005598068237304688
0.0005528926849365234
0.0005567073822021484
0.0005593299865722656
0.0005598068237304688
0.0005593299865722656
0.0005621910095214844
0.0005562305450439453
0.0005698204040527344
0.000553131103515625
0.0005612373352050781
0.0005478858947753906
0.0005481243133544922
0.0005526542663574219
0.0005583763122558594
0.0005483627319335938
0.000553131103515625
0.0005528926849365234
0.0005478858947753906
0.0005466938018798828
0.0005540847778320313
0.0006177425384521484
0.0005500316619873047
0.0006215572357177734
0.0005574226379394531
0.0005586147308349609
0.0005466938018798828
0.0005576610565185547
0.0005507469177246094
0.0005445480346679688
0.0005514621734619141
0.0005519390106201172
0.0005514621734619141
0.0005528926849365234
0.0005688667297363281
0.0005483627319335938
0.0005538463592529297
0.0006279945373535156
0.000553131103515625
0.0005540847778320313
0.0005548000335693359
0.0005452632904052734
0.0005414485931396484
0.0005431175231933594
0.0005459785461425781
0.0005612373352050781
0.0005643367767333984
0.0005674362182617188
0.0005576610565185547
0.0006449222564697266
0.0005478858947753906
0.0006358623504638672
0.0005617141723632813
0.0006318092346191406
0.0006213188171386719
0.0005502700805664063
0.0005490779876708984
