0.027042150497436523
0.00037479400634765625
0.0003628730773925781
0.00037169456481933594
0.0003743171691894531
0.0003693103790283203
0.0003628730773925781
0.00037789344787597656
0.0003783702850341797
0.0003764629364013672
0.00036644935607910156
0.0003802776336669922
0.0003712177276611328
0.0003788471221923828
0.0003783702850341797
0.00037217140197753906
0.0003745555877685547
0.0003833770751953125
0.00037288665771484375
0.0003821849822998047
0.00037384033203125
0.0003826618194580078
0.0003676414489746094
0.00037384033203125
0.00037384033203125
0.00037407875061035156
0.0003867149353027344
0.00037670135498046875
0.00037097930908203125
0.0003714561462402344
0.0003707408905029297
0.0003829002380371094
0.00038170814514160156
0.00037217140197753906
0.0003917217254638672
0.00037789344787597656
0.0003752708435058594
0.0003712177276611328
0.0003838539123535156
0.0003693103790283203
0.00036263465881347656
0.0003845691680908203
0.0003669261932373047
0.0003829002380371094
0.00038552284240722656
0.0003802776336669922
0.00037789344787597656
0.0003712177276611328
0.0003731250762939453
0.0003821849822998047
0.0003712177276611328
0.00036597251892089844
0.0003731250762939453
0.0003726482391357422
0.0003685951232910156
0.0003781318664550781
0.0003788471221923828
0.0003752708435058594
0.00036263465881347656
0.00038433074951171875
0.0003807544708251953
0.00037670135498046875
0.0003769397735595703
0.0003809928894042969
0.0003795623779296875
0.00038051605224609375
0.0003788471221923828
0.00037980079650878906
0.0003757476806640625
0.0003771781921386719
0.00037479400634765625
0.00038814544677734375
0.0003807544708251953
0.00037384033203125
0.0003886222839355469
0.0003695487976074219
0.00037288665771484375
0.0003757476806640625
0.00037670135498046875
0.0003757476806640625
0.00038051605224609375
0.0003764629364013672
0.0003859996795654297
0.0003762245178222656
0.00037097930908203125
0.00037360191345214844
0.0003838539123535156
0.0003771781921386719
0.0003814697265625
0.00038623809814453125
0.00037598609924316406
0.000385284423828125
0.00038623809814453125
0.0003781318664550781
0.00038170814514160156
0.0003819465637207031
0.0003821849822998047
0.0003769397735595703
0.0003845691680908203
0.0003750324249267578
0.00038123130798339844
0.0003757476806640625
0.0003809928894042969
0.0003771781921386719
0.00038433074951171875
0.00038433074951171875
0.0003795623779296875
0.00037860870361328125
0.0003886222839355469
0.00038695335388183594
0.00040411949157714844
0.000385284423828125
0.0003910064697265625
0.00038695335388183594
0.0003886222839355469
0.00038170814514160156
0.0003848075866699219
0.0003781318664550781
0.000377655029296875
0.0003905296325683594
0.0003790855407714844
0.0003936290740966797
0.0003910064697265625
0.00040841102600097656
0.0003809928894042969
0.0003790855407714844
0.000392913818359375
0.0003941059112548828
0.0003821849822998047
0.0003795623779296875
0.00039124488830566406
0.00038695335388183594
0.0004069805145263672
0.00040793418884277344
0.0003840923309326172
0.0003795623779296875
0.0003814697265625
0.0004036426544189453
0.0004038810729980469
0.0003924369812011719
0.0003886222839355469
0.0003750324249267578
0.00037741661071777344
0.00038886070251464844
0.00039577484130859375
0.0003845691680908203
0.0003895759582519531
0.00038886070251464844
0.00039267539978027344
0.0003924369812011719
0.00038504600524902344
0.0003864765167236328
0.00037598609924316406
0.0004050731658935547
0.0003979206085205078
0.0003898143768310547
0.00038909912109375
0.0003886222839355469
0.0003859996795654297
0.0003936290740966797
0.0003857612609863281
0.0003802776336669922
0.0003743171691894531
0.00039458274841308594
0.0004227161407470703
0.0004138946533203125
0.0003809928894042969
0.00039267539978027344
0.0003829002380371094
0.0003879070281982422
0.00039696693420410156
0.0003864765167236328
0.0003800392150878906
0.0003848075866699219
0.0003905296325683594
0.0003879070281982422
0.00039577484130859375
0.0003905296325683594
0.0004000663757324219
0.0003905296325683594
0.0003936290740966797
0.0003788471221923828
0.0003960132598876953
0.0003883838653564453
0.0003859996795654297
0.0003867149353027344
0.0003933906555175781
0.00039005279541015625
0.000392913818359375
0.00039505958557128906
0.0003876686096191406
0.00039196014404296875
0.0003910064697265625
0.0003838539123535156
0.0003952980041503906
0.0003876686096191406
0.00039315223693847656
0.0003902912139892578
0.0004000663757324219
0.00039267539978027344
0.00039196014404296875
0.0003936290740966797
0.00039267539978027344
0.0003921985626220703
0.00039386749267578125
0.00039124488830566406
0.0004012584686279297
0.0004105567932128906
0.00038886070251464844
0.00039887428283691406
0.00039267539978027344
0.00040650367736816406
0.00039267539978027344
0.0003859996795654297
0.0003952980041503906
0.0004024505615234375
0.00039196014404296875
0.0003941059112548828
0.0003960132598876953
0.0004086494445800781
0.0003924369812011719
0.0003952980041503906
0.0004036426544189453
0.000385284423828125
0.0003941059112548828
0.0003993511199951172
0.0004317760467529297
0.00039958953857421875
0.0003933906555175781
0.00039458274841308594
0.0003962516784667969
0.0003952980041503906
0.0004153251647949219
0.0004019737243652344
0.0003998279571533203
0.00040221214294433594
0.0003876686096191406
0.0004076957702636719
0.0004038810729980469
0.00039386749267578125
0.0003895759582519531
0.0003917217254638672
0.00039267539978027344
0.0003941059112548828
0.00040340423583984375
0.0003972053527832031
0.00039839744567871094
0.00040221214294433594
0.00040078163146972656
0.00040650367736816406
0.0003986358642578125
0.0003972053527832031
0.0004105567932128906
0.0004074573516845703
0.00040984153747558594
0.0003936290740966797
0.0003972053527832031
0.0003986358642578125
0.0003943443298339844
0.0004019737243652344
0.0004153251647949219
0.0004024505615234375
0.00041031837463378906
0.00041484832763671875
0.00041103363037109375
0.0004057884216308594
0.0004105567932128906
0.00041961669921875
0.0004010200500488281
0.0003979206085205078
0.0004181861877441406
0.0004017353057861328
0.0004000663757324219
0.0004029273986816406
0.0004127025604248047
0.0004131793975830078
0.0004017353057861328
0.000408172607421875
0.00039649009704589844
0.00039839744567871094
0.0004086494445800781
0.00039696693420410156
0.0004069805145263672
0.0004069805145263672
0.0004057884216308594
0.0004050731658935547
0.000408172607421875
0.0004169940948486328
0.0004138946533203125
0.00040602684020996094
0.0004031658172607422
0.0004076957702636719
0.00040459632873535156
0.00040602684020996094
0.0004286766052246094
0.0004031658172607422
0.00040602684020996094
0.0004124641418457031
0.00040602684020996094
0.00040221214294433594
0.0004038810729980469
0.0004165172576904297
0.0003948211669921875
0.0004038810729980469
0.00039958953857421875
0.00040221214294433594
0.000396728515625
0.0004062652587890625
0.0003998279571533203
0.0003960132598876953
0.00041294097900390625
0.00040435791015625
0.0004031658172607422
0.0004222393035888672
0.0004031658172607422
0.00042247772216796875
0.0004153251647949219
0.0004048347473144531
0.0004184246063232422
0.0004107952117919922
0.00040841102600097656
0.0004093647003173828
0.00041103363037109375
0.00040459632873535156
0.0004146099090576172
0.00040435791015625
0.00040221214294433594
0.00048351287841796875
0.0004086494445800781
0.0004329681396484375
0.0004112720489501953
0.0003981590270996094
0.0004112720489501953
0.0004067420959472656
0.00042366981506347656
0.0004153251647949219
0.0004100799560546875
0.0004115104675292969
0.00041604042053222656
0.000423431396484375
0.00041413307189941406
0.0004067420959472656
0.00041365623474121094
0.0004036426544189453
0.0004057884216308594
0.00041866302490234375
0.00040149688720703125
0.0004279613494873047
0.00041174888610839844
0.00040650367736816406
0.00040411949157714844
0.0004088878631591797
0.0004050731658935547
0.0004131793975830078
0.000415802001953125
0.0004017353057861328
0.0004210472106933594
0.0004124641418457031
0.0004055500030517578
0.0004115104675292969
0.0004134178161621094
0.0004138946533203125
0.0004100799560546875
0.0004057884216308594
0.0004055500030517578
0.0004138946533203125
0.0004067420959472656
0.00040459632873535156
0.0004038810729980469
0.0004246234893798828
0.0004131793975830078
0.00041413307189941406
0.0004138946533203125
0.0004076957702636719
0.0004138946533203125
0.0004048347473144531
0.00040650367736816406
0.00040984153747558594
0.00041294097900390625
0.0004074573516845703
0.00041604042053222656
0.0004093647003173828
0.0004138946533203125
0.0004112720489501953
0.00041484832763671875
0.0004088878631591797
0.00043773651123046875
0.0004124641418457031
0.0004189014434814453
0.0004162788391113281
0.0004227161407470703
0.00041222572326660156
0.0004112720489501953
0.0004417896270751953
0.0004150867462158203
0.0004107952117919922
0.00041294097900390625
0.00041794776916503906
0.0004143714904785156
0.0004086494445800781
0.0004124641418457031
0.00040531158447265625
0.00041294097900390625
0.00041413307189941406
0.0004062652587890625
0.00042819976806640625
0.00041365623474121094
0.00041747093200683594
0.0004150867462158203
0.00040984153747558594
0.0004134178161621094
0.00041294097900390625
0.0004088878631591797
0.0004191398620605469
0.0004200935363769531
0.0004093647003173828
0.0004191398620605469
0.00041294097900390625
0.0004086494445800781
0.0008792877197265625
0.0004057884216308594
0.0004031658172607422
0.0004305839538574219
0.0004229545593261719
0.00041222572326660156
0.0004169940948486328
0.0004363059997558594
0.0004131793975830078
0.00041413307189941406
0.00040841102600097656
0.0004279613494873047
0.0004360675811767578
0.0004062652587890625
0.0004153251647949219
0.00041556358337402344
0.00041961669921875
0.00043272972106933594
0.0004124641418457031
0.0004131793975830078
0.0004210472106933594
0.00041937828063964844
0.0004227161407470703
0.0004181861877441406
0.0004315376281738281
0.0004336833953857422
0.00043272972106933594
0.00041365623474121094
0.0004277229309082031
0.0004138946533203125
0.0004124641418457031
0.0004189014434814453
0.0004336833953857422
0.0004177093505859375
0.00042557716369628906
0.00041103363037109375
0.0004215240478515625
0.00042128562927246094
0.00041794776916503906
0.0004088878631591797
0.0004153251647949219
0.0004189014434814453
0.0004100799560546875
0.00041174888610839844
0.0004138946533203125
0.00041031837463378906
0.0004286766052246094
0.00042629241943359375
0.0004222393035888672
0.0004353523254394531
0.00041675567626953125
0.0004353523254394531
0.0004451274871826172
0.0004372596740722656
0.0004153251647949219
0.0004324913024902344
0.0004200935363769531
0.00043082237243652344
0.0004181861877441406
0.00040984153747558594
0.00040078163146972656
0.0004088878631591797
0.00041937828063964844
0.00043392181396484375
0.00042176246643066406
0.0004513263702392578
0.00042629241943359375
0.0004394054412841797
0.00044035911560058594
0.0004260540008544922
0.0004119873046875
0.00041866302490234375
0.0004177093505859375
0.00040793418884277344
0.0004131793975830078
0.0004391670227050781
0.0004138946533203125
0.0004067420959472656
0.0004191398620605469
0.0004138946533203125
0.00041675567626953125
