0.002173185348510742
0.00025582313537597656
0.0002601146697998047
0.0002701282501220703
0.00026607513427734375
0.00026106834411621094
0.00026869773864746094
0.000263214111328125
0.0002636909484863281
0.0002639293670654297
0.0002601146697998047
0.0002644062042236328
0.00026226043701171875
0.0002720355987548828
0.0002574920654296875
0.0002624988555908203
0.00028324127197265625
0.0002589225769042969
0.0002598762512207031
0.00024962425231933594
0.0002620220184326172
0.0002620220184326172
0.00025534629821777344
0.0002582073211669922
0.00025534629821777344
0.00026679039001464844
0.00026106834411621094
0.00025534629821777344
0.00026416778564453125
0.00025010108947753906
0.00024819374084472656
0.00025963783264160156
0.00025963783264160156
0.0002923011779785156
0.00028634071350097656
0.00026416778564453125
0.00028705596923828125
0.00027561187744140625
0.0002665519714355469
0.0002651214599609375
0.00030684471130371094
0.0002663135528564453
0.0002589225769042969
0.0002605915069580078
0.0002760887145996094
0.0002503395080566406
0.0002605915069580078
0.00027823448181152344
0.00025963783264160156
0.0002760887145996094
0.0002713203430175781
0.0002574920654296875
0.00027942657470703125
0.0002593994140625
0.0002636909484863281
0.0002701282501220703
0.00026416778564453125
0.000263214111328125
0.000263214111328125
0.0002777576446533203
0.0002880096435546875
0.0002589225769042969
0.0002663135528564453
0.00025916099548339844
0.00024962425231933594
0.0002818107604980469
0.0002701282501220703
0.0002636909484863281
0.0002624988555908203
0.00026345252990722656
0.00029778480529785156
0.00026345252990722656
0.0002810955047607422
0.00025582313537597656
0.0002605915069580078
0.00028395652770996094
0.0002636909484863281
0.00026679039001464844
0.00026226043701171875
0.0002543926239013672
0.0002753734588623047
0.0002665519714355469
0.0002589225769042969
0.000270843505859375
0.00027108192443847656
0.0002827644348144531
0.0002722740173339844
0.0002636909484863281
0.0002765655517578125
0.00025916099548339844
0.0002758502960205078
0.0002601146697998047
0.0002753734588623047
0.00026798248291015625
0.0002474784851074219
0.00028061866760253906
0.000274658203125
0.00026154518127441406
0.0002682209014892578
0.00027561187744140625
0.00027370452880859375
0.00026154518127441406
0.0002803802490234375
0.00027680397033691406
0.0002675056457519531
0.0002770423889160156
0.00028204917907714844
0.0002644062042236328
0.00025463104248046875
0.000263214111328125
0.0002536773681640625
0.0002677440643310547
0.0002658367156982422
0.0002644062042236328
0.00028634071350097656
0.0002713203430175781
0.000270843505859375
0.00026679039001464844
0.0002770423889160156
0.0002655982971191406
0.0002846717834472656
0.00027942657470703125
0.00027060508728027344
0.0002987384796142578
0.00029921531677246094
0.0002875328063964844
0.0002727508544921875
0.00027751922607421875
0.00027751922607421875
0.00028443336486816406
0.0002701282501220703
0.0002703666687011719
0.00026106834411621094
0.0002727508544921875
0.0002639293670654297
0.0002932548522949219
0.00027942657470703125
0.00027441978454589844
0.0002944469451904297
0.00027489662170410156
0.0002751350402832031
0.0002913475036621094
0.0002753734588623047
0.0002677440643310547
0.00028204917907714844
0.0002779960632324219
0.0002760887145996094
0.0002815723419189453
0.00028061866760253906
0.00027108192443847656
0.0002815723419189453
0.0002837181091308594
0.00028228759765625
0.0002732276916503906
0.00029349327087402344
0.0002868175506591797
0.0002810955047607422
0.0002849102020263672
0.00027561187744140625
0.0002720355987548828
0.00027561187744140625
0.0002827644348144531
0.0002949237823486328
0.0002772808074951172
0.0002856254577636719
0.00027561187744140625
0.0002765655517578125
0.00029206275939941406
0.0002779960632324219
0.00028514862060546875
0.0002810955047607422
0.00028395652770996094
0.0002930164337158203
0.0002856254577636719
0.00028252601623535156
0.00028061866760253906
0.0002872943878173828
0.00028634071350097656
0.00027632713317871094
0.0002849102020263672
0.0003101825714111328
0.00031256675720214844
0.0002770423889160156
0.0002911090850830078
0.0003254413604736328
0.00028324127197265625
0.00026798248291015625
0.0002846717834472656
0.0002968311309814453
0.0002772808074951172
0.0002913475036621094
0.0002872943878173828
0.00027298927307128906
0.0002789497375488281
0.00030541419982910156
0.0002872943878173828
0.0002779960632324219
0.0002841949462890625
0.00027561187744140625
0.0002827644348144531
0.00029206275939941406
0.00029397010803222656
0.0002732276916503906
0.00028395652770996094
0.00027823448181152344
0.0002932548522949219
0.0002853870391845703
0.0002727508544921875
0.00029969215393066406
0.0002715587615966797
0.0002911090850830078
0.00028014183044433594
0.0002849102020263672
0.0002789497375488281
0.0003058910369873047
0.0002739429473876953
0.0003027915954589844
0.0002837181091308594
0.0002968311309814453
0.00030541419982910156
0.0002872943878173828
0.000286102294921875
0.00027751922607421875
0.0002779960632324219
0.0002944469451904297
0.0002932548522949219
0.0002906322479248047
0.0002834796905517578
0.0002841949462890625
0.0002942085266113281
0.0002808570861816406
0.00028395652770996094
0.0002894401550292969
0.00027561187744140625
0.0003001689910888672
0.0002830028533935547
0.000270843505859375
0.0002989768981933594
0.0002684593200683594
0.00030303001403808594
0.0002894401550292969
0.00027561187744140625
0.00028705596923828125
0.0002894401550292969
0.0002968311309814453
0.00028061866760253906
0.00028395652770996094
0.00033092498779296875
0.0003230571746826172
0.00027298927307128906
0.00028705596923828125
0.0002834796905517578
0.00028634071350097656
0.00029754638671875
0.0002751350402832031
0.0002899169921875
0.0003333091735839844
0.0002913475036621094
0.0003197193145751953
0.00035309791564941406
0.000278472900390625
0.0003364086151123047
0.0002918243408203125
0.00031304359436035156
0.00029087066650390625
0.00029778480529785156
0.00028777122497558594
0.00028324127197265625
0.0004811286926269531
0.00039076805114746094
0.0004253387451171875
0.00038909912109375
0.0004100799560546875
0.00040268898010253906
0.000408172607421875
0.00039768218994140625
0.0003948211669921875
0.00040793418884277344
0.0003857612609863281
0.0003809928894042969
0.0004000663757324219
0.00040030479431152344
0.00038933753967285156
0.00041604042053222656
0.00039386749267578125
0.00040531158447265625
0.00041031837463378906
0.000396728515625
0.0004661083221435547
0.00041675567626953125
0.00041294097900390625
0.0004620552062988281
0.0005466938018798828
0.0004088878631591797
0.0004105567932128906
0.00040221214294433594
0.0004036426544189453
0.0004069805145263672
0.0004737377166748047
0.00040078163146972656
0.0003917217254638672
0.00039315223693847656
0.0004017353057861328
0.00046133995056152344
0.00038933753967285156
0.00041294097900390625
0.00040221214294433594
0.0003845691680908203
0.0004439353942871094
0.00040078163146972656
0.0004105567932128906
0.0004973411560058594
0.0004925727844238281
0.00041294097900390625
0.0004899501800537109
0.0005114078521728516
0.00043010711669921875
0.0004208087921142578
0.0004189014434814453
0.0005071163177490234
0.0004138946533203125
0.0004515647888183594
0.00040650367736816406
0.00040793418884277344
0.00048613548278808594
0.0004780292510986328
0.00040078163146972656
0.00047087669372558594
0.00040459632873535156
0.00040435791015625
0.0004220008850097656
0.0004029273986816406
0.0004017353057861328
0.00040721893310546875
0.0004088878631591797
0.0004811286926269531
0.00048089027404785156
0.0005047321319580078
0.00040411949157714844
0.0005016326904296875
0.0004227161407470703
0.00045800209045410156
0.00043487548828125
0.0004825592041015625
0.0005524158477783203
0.0004999637603759766
0.0004088878631591797
0.0005147457122802734
0.0004444122314453125
0.00041031837463378906
0.00044035911560058594
0.00044155120849609375
0.0004668235778808594
0.0005702972412109375
0.0005350112915039063
0.0004734992980957031
0.0005309581756591797
0.0005495548248291016
0.0003993511199951172
0.0004885196685791016
0.0005745887756347656
0.0005085468292236328
0.0005218982696533203
0.000522613525390625
0.00044727325439453125
0.00051116943359375
0.0005068778991699219
0.0005009174346923828
0.0004379749298095703
0.0004334449768066406
0.0005192756652832031
0.0004189014434814453
0.0005681514739990234
0.0005099773406982422
0.0004279613494873047
0.0006031990051269531
0.0005490779876708984
0.0005719661712646484
0.0004391670227050781
0.0005886554718017578
0.0004899501800537109
0.00042629241943359375
0.00043511390686035156
0.0004925727844238281
0.0005140304565429688
0.0004913806915283203
0.0005769729614257813
0.0005321502685546875
0.0005655288696289063
0.000518798828125
0.0004930496215820313
0.0004291534423828125
0.0005745887756347656
0.0005552768707275391
0.00045013427734375
0.0005631446838378906
0.0005040168762207031
0.0004532337188720703
0.0005757808685302734
0.0006134510040283203
0.0005822181701660156
0.0005688667297363281
0.0006227493286132813
0.00044226646423339844
0.0006098747253417969
0.0004932880401611328
0.0006718635559082031
0.0006022453308105469
0.0005242824554443359
0.0006225109100341797
0.0006632804870605469
0.0006215572357177734
0.0006401538848876953
0.0006158351898193359
0.0004811286926269531
0.0005595684051513672
0.000629425048828125
0.0006048679351806641
0.0006165504455566406
0.0006213188171386719
0.0005896091461181641
0.00046539306640625
0.0006155967712402344
0.000614166259765625
0.0006568431854248047
0.0006155967712402344
0.00054168701171875
0.0007255077362060547
0.0006055831909179688
0.0006165504455566406
0.0005905628204345703
0.0005660057067871094
0.0005574226379394531
0.0006327629089355469
0.0006895065307617188
0.0005981922149658203
0.0006237030029296875
0.0006227493286132813
0.0006139278411865234
0.0006203651428222656
0.0006363391876220703
0.0006258487701416016
0.000637054443359375
0.0006368160247802734
0.0007448196411132813
0.0005664825439453125
0.0006604194641113281
0.0007359981536865234
0.0006649494171142578
0.0006191730499267578
0.00063323974609375
0.00063323974609375
0.0006921291351318359
0.0006437301635742188
0.0006570816040039063
0.0006542205810546875
0.0006499290466308594
0.0006797313690185547
0.0005643367767333984
0.0006234645843505859
0.000644683837890625
0.0007412433624267578
0.0006322860717773438
0.000659942626953125
0.0006666183471679688
0.0006721019744873047
0.0006718635559082031
0.0006175041198730469
0.0006787776947021484
0.0006616115570068359
0.0006906986236572266
0.0008282661437988281
0.0006887912750244141
0.0007421970367431641
0.0006666183471679688
0.0007302761077880859
0.0006837844848632813
0.0007605552673339844
0.0007653236389160156
0.0007455348968505859
0.0006518363952636719
0.0006930828094482422
0.0006921291351318359
0.0008387565612792969
0.0007686614990234375
0.0007145404815673828
0.0007715225219726563
0.0007517337799072266
0.0008060932159423828
0.0007379055023193359
0.000644683837890625
0.0006997585296630859
0.0007109642028808594
0.000720977783203125
0.0006761550903320313
0.0007162094116210938
0.0008265972137451172
0.00070953369140625
0.0007281303405761719
0.0008726119995117188
