0.0012998580932617188
0.0009315013885498047
0.0010986328125
0.0013446807861328125
0.001501321792602539
0.0016942024230957031
0.001901865005493164
0.0020751953125
0.0023162364959716797
0.00484466552734375
0.0026543140411376953
0.002804994583129883
0.002977609634399414
0.0032172203063964844
0.0034422874450683594
0.0036509037017822266
0.0037305355072021484
0.003898143768310547
0.004153013229370117
0.004301309585571289
0.004716396331787109
0.004822969436645508
0.00494694709777832
0.0052449703216552734
0.005510568618774414
0.005637168884277344
0.00591588020324707
0.0062139034271240234
0.0062749385833740234
0.006386518478393555
0.006459951400756836
0.007027387619018555
0.006991863250732422
0.007371187210083008
0.007726907730102539
0.007735013961791992
0.007645606994628906
0.007962703704833984
0.008034706115722656
0.00816655158996582
0.00826263427734375
0.008647441864013672
0.008856773376464844
0.009535074234008789
0.009448528289794922
0.0092926025390625
0.009624481201171875
0.009665727615356445
0.009722709655761719
0.010487079620361328
0.010123491287231445
0.010909318923950195
0.010834932327270508
0.011060237884521484
0.011145591735839844
0.011224031448364258
0.011243104934692383
0.011641263961791992
0.011936187744140625
0.011596202850341797
0.012632608413696289
0.012303590774536133
0.012668848037719727
0.012673377990722656
0.012969255447387695
0.013200521469116211
0.013339996337890625
0.013869524002075195
0.013368844985961914
0.014381170272827148
0.014132976531982422
0.014570236206054688
0.014204025268554688
0.01506495475769043
0.014575481414794922
0.015181779861450195
0.015475749969482422
0.01518106460571289
0.01565098762512207
0.015425920486450195
0.015903472900390625
0.0159151554107666
0.016682147979736328
0.01593947410583496
0.017026901245117188
0.016620397567749023
0.01747417449951172
0.016849517822265625
0.01778554916381836
0.01768040657043457
0.018052339553833008
0.01820230484008789
0.018305301666259766
0.01883673667907715
0.018477439880371094
0.018721342086791992
0.018867969512939453
0.019053220748901367
0.019572973251342773
0.019425153732299805
0.019829273223876953
0.019849300384521484
0.019580364227294922
0.0203397274017334
0.02022266387939453
0.02069997787475586
0.02037525177001953
0.020911216735839844
0.020878076553344727
0.020906686782836914
0.020887136459350586
0.02157139778137207
0.0209963321685791
0.021924495697021484
0.02183699607849121
0.021791934967041016
0.022164583206176758
0.022542953491210938
0.022365093231201172
0.022616863250732422
0.02273845672607422
0.022963523864746094
0.02316737174987793
0.02385687828063965
0.02323603630065918
0.024009227752685547
0.023579835891723633
0.02414679527282715
0.023685693740844727
0.024793386459350586
0.024217844009399414
0.024274110794067383
0.024613380432128906
0.0245974063873291
0.024527788162231445
0.024743318557739258
0.025466442108154297
0.025014400482177734
0.026668310165405273
0.0254819393157959
0.027131319046020508
0.026923656463623047
0.028098106384277344
0.028098344802856445
0.02842855453491211
0.02757716178894043
0.02880239486694336
0.02806830406188965
0.028625965118408203
0.028299808502197266
0.029363155364990234
0.028778076171875
0.02870655059814453
0.028786420822143555
0.029159069061279297
0.028942108154296875
0.029520273208618164
0.030138015747070313
0.029667139053344727
0.030750513076782227
0.029927730560302734
0.0303499698638916
0.030109882354736328
0.030427932739257813
0.030405759811401367
0.030483245849609375
0.031459808349609375
0.03086686134338379
0.032123565673828125
0.03178739547729492
0.032846927642822266
0.03391885757446289
0.03483104705810547
0.0326533317565918
0.03293251991271973
0.03376150131225586
0.03448939323425293
0.033960819244384766
0.03412222862243652
0.033722877502441406
0.03337669372558594
0.034273624420166016
0.03440046310424805
0.03518414497375488
0.0336146354675293
0.03345489501953125
0.03419947624206543
0.03401899337768555
0.033946990966796875
0.034581899642944336
0.034783363342285156
0.03469038009643555
0.03480648994445801
0.03516554832458496
0.035596370697021484
0.03621387481689453
0.03626871109008789
0.03612923622131348
0.036756038665771484
0.037181854248046875
0.03704524040222168
0.03703641891479492
0.037004947662353516
0.03728890419006348
0.037428855895996094
0.037709951400756836
0.03745007514953613
0.037537574768066406
0.03784537315368652
0.038018226623535156
0.03800678253173828
0.03759336471557617
0.03858017921447754
0.03879404067993164
0.037561893463134766
0.0376741886138916
0.03763890266418457
0.0377192497253418
0.038724422454833984
0.03995919227600098
0.0391383171081543
0.038816213607788086
0.0387120246887207
0.03909873962402344
0.03963184356689453
0.03935647010803223
0.03926515579223633
0.0395808219909668
0.03946352005004883
0.04038834571838379
0.04050183296203613
0.040291786193847656
0.04029440879821777
0.041820526123046875
0.04170560836791992
0.04108595848083496
0.044280290603637695
0.0427708625793457
0.04148292541503906
0.04254865646362305
0.04279184341430664
0.04238009452819824
0.04268050193786621
0.04254889488220215
0.04321789741516113
0.04278087615966797
0.0425419807434082
0.04285073280334473
0.04261207580566406
0.04279446601867676
0.04343700408935547
0.04306602478027344
0.04425168037414551
0.04408884048461914
0.04418230056762695
0.04479718208312988
0.044090986251831055
0.04416990280151367
0.04482412338256836
0.04508233070373535
0.04503369331359863
0.04478931427001953
0.04477047920227051
0.045710086822509766
0.045499563217163086
0.04561614990234375
0.045879364013671875
0.04507851600646973
0.04520130157470703
0.04525446891784668
0.04540276527404785
0.04642176628112793
0.04632282257080078
0.04552865028381348
0.04577922821044922
0.04562187194824219
0.046159982681274414
0.04636120796203613
0.046183109283447266
0.04580235481262207
0.04669380187988281
0.04610800743103027
0.04647111892700195
0.04659247398376465
0.04665875434875488
0.048143863677978516
0.047652244567871094
0.04820132255554199
0.047560691833496094
0.048175811767578125
0.0480191707611084
0.04783296585083008
0.04851579666137695
0.048957109451293945
0.049094438552856445
0.048699140548706055
0.049161434173583984
0.04818153381347656
0.04917502403259277
0.048653364181518555
0.04931187629699707
0.04905891418457031
0.04889798164367676
0.04857993125915527
0.049762725830078125
0.050867557525634766
0.04907798767089844
0.04970741271972656
0.05031538009643555
0.0503237247467041
0.04931068420410156
0.05045437812805176
0.05068778991699219
0.0496220588684082
0.050514936447143555
0.05054354667663574
0.050961971282958984
0.0509037971496582
0.05056643486022949
0.051789283752441406
0.05095100402832031
0.05101728439331055
0.05236077308654785
0.052965641021728516
0.05289793014526367
0.05246090888977051
0.05281877517700195
0.05306267738342285
0.052922725677490234
0.05372905731201172
0.05387115478515625
0.05375218391418457
0.054122209548950195
0.055181264877319336
0.05504894256591797
0.054754018783569336
0.0547795295715332
0.055581092834472656
0.05641746520996094
0.05611419677734375
0.055856943130493164
0.05648922920227051
0.05563950538635254
0.05547952651977539
0.05562996864318848
0.05643939971923828
0.056542396545410156
0.05865931510925293
0.05705976486206055
0.05644106864929199
0.05697798728942871
0.05731320381164551
0.05679130554199219
0.05725550651550293
0.058014869689941406
0.05809140205383301
0.05746054649353027
0.059740304946899414
0.0589902400970459
0.05873870849609375
0.06009793281555176
0.05880117416381836
0.059623003005981445
0.05950570106506348
0.05965757369995117
0.05938148498535156
0.060578346252441406
0.059417009353637695
0.06019306182861328
0.05977916717529297
0.06084179878234863
0.06008577346801758
0.060656070709228516
0.060353994369506836
0.061035871505737305
0.06066393852233887
0.0605320930480957
0.06056857109069824
0.06077384948730469
0.06103706359863281
0.06143450736999512
0.06149864196777344
0.06075239181518555
0.061044931411743164
0.06027960777282715
0.06066274642944336
0.06111907958984375
0.06179213523864746
0.06207776069641113
0.06253504753112793
0.06391382217407227
0.06317424774169922
0.06409525871276855
0.06308817863464355
0.06368446350097656
0.06354665756225586
0.06307387351989746
0.06290817260742188
0.0634012222290039
0.06357955932617188
0.06376957893371582
0.06368184089660645
0.06357860565185547
0.06394600868225098
0.06551313400268555
0.06706953048706055
0.06634688377380371
0.06633591651916504
0.06659722328186035
0.06569409370422363
0.06621217727661133
0.06565070152282715
0.06574034690856934
0.06554198265075684
0.06742095947265625
0.06587600708007813
0.06550025939941406
0.06737422943115234
0.06536293029785156
0.06713294982910156
0.06879043579101563
0.06794190406799316
0.06814098358154297
0.06823515892028809
0.06757283210754395
0.06848764419555664
0.06850242614746094
0.06797337532043457
0.06940007209777832
0.06840348243713379
0.0679931640625
0.06913495063781738
0.06943631172180176
0.06893515586853027
0.06872940063476563
0.0691835880279541
0.07036066055297852
0.07103538513183594
0.07303524017333984
0.0715017318725586
0.07097578048706055
0.07047200202941895
0.0708928108215332
0.07087349891662598
0.07035708427429199
0.07153892517089844
0.07186222076416016
0.07126951217651367
0.07193279266357422
0.07214593887329102
0.07173752784729004
0.07241606712341309
0.0733635425567627
0.07532143592834473
0.07309865951538086
0.07312703132629395
0.0741727352142334
0.07291150093078613
0.07360982894897461
0.07356619834899902
0.0734257698059082
0.0737004280090332
0.07432842254638672
0.07381772994995117
0.07341361045837402
0.07437300682067871
0.07400345802307129
0.07371306419372559
0.07440948486328125
0.07287836074829102
0.07369136810302734
0.07418465614318848
0.07482290267944336
0.0738675594329834
0.07439923286437988
0.07404208183288574
0.07444095611572266
0.07424426078796387
0.07564377784729004
0.07477092742919922
0.07516860961914063
0.07479619979858398
0.0750432014465332
0.07651448249816895
0.07532238960266113
0.08137965202331543
0.0763254165649414
0.07595038414001465
0.07658815383911133
0.0779109001159668
0.0766897201538086
0.07692933082580566
0.07710003852844238
0.0770258903503418
0.07674193382263184
0.07734990119934082
0.07654428482055664
0.07668662071228027
0.07728385925292969
0.07767581939697266
