0.00033354759216308594
0.00023484230041503906
0.00023698806762695313
0.00023055076599121094
0.0002262592315673828
0.00020051002502441406
0.00022983551025390625
0.0002315044403076172
0.00020575523376464844
0.00022459030151367188
0.00023174285888671875
0.00023603439331054688
0.00022721290588378906
0.00020885467529296875
0.00023365020751953125
0.00022292137145996094
0.00023674964904785156
0.00021529197692871094
0.00022673606872558594
0.0002295970916748047
0.00023102760314941406
0.0002079010009765625
0.00021076202392578125
0.00023055076599121094
0.00022554397583007813
0.000225067138671875
0.00022673606872558594
0.0002257823944091797
0.00024437904357910156
0.00022339820861816406
0.00019431114196777344
0.00020313262939453125
0.0002300739288330078
0.00021839141845703125
0.0002288818359375
0.0002281665802001953
0.00023126602172851563
0.00021982192993164063
0.00024390220642089844
0.000232696533203125
0.00022721290588378906
0.00021576881408691406
0.00024175643920898438
0.000232696533203125
0.0002117156982421875
0.00023126602172851563
0.000232696533203125
0.0002238750457763672
0.00019931793212890625
0.0002028942108154297
0.00022673606872558594
0.0002071857452392578
0.00022554397583007813
0.0002200603485107422
0.0002079010009765625
0.00023126602172851563
0.00023698806762695313
0.00022983551025390625
0.0002281665802001953
0.00020647048950195313
0.00022983551025390625
0.0002372264862060547
0.0002231597900390625
0.00021886825561523438
0.00023317337036132813
0.0002155303955078125
0.00022554397583007813
0.00021719932556152344
0.00022935867309570313
0.00024199485778808594
0.0002052783966064453
0.0002307891845703125
0.0002231597900390625
0.00023293495178222656
0.00022864341735839844
0.00021576881408691406
0.00023245811462402344
0.00023102760314941406
0.0002307891845703125
0.00023174285888671875
0.00020647048950195313
0.00021266937255859375
0.0002193450927734375
0.00022554397583007813
0.00023484230041503906
0.0002002716064453125
0.0001983642578125
0.00020956993103027344
0.00020885467529296875
0.00021028518676757813
0.00020241737365722656
0.0002474784851074219
0.0002219676971435547
0.00023508071899414063
0.00019311904907226563
0.0002117156982421875
0.0002033710479736328
0.00023174285888671875
0.00021600723266601563
0.00023174285888671875
0.00021409988403320313
0.0002040863037109375
0.00020885467529296875
0.00023436546325683594
0.00023221969604492188
0.0002384185791015625
0.00022220611572265625
0.000232696533203125
0.00021004676818847656
0.0002295970916748047
0.0002396106719970703
0.0002315044403076172
0.00023102760314941406
0.0002346038818359375
0.00022029876708984375
0.000209808349609375
0.0002300739288330078
0.000213623046875
0.0002357959747314453
0.00021839141845703125
0.000213623046875
0.00024080276489257813
0.00020456314086914063
0.00023055076599121094
0.00022602081298828125
0.00021028518676757813
0.0002040863037109375
0.00021386146545410156
0.0002353191375732422
0.00022363662719726563
0.000232696533203125
0.00022649765014648438
0.00023245811462402344
0.0002181529998779297
0.00023627281188964844
0.00022912025451660156
0.00025343894958496094
0.00023651123046875
0.00022673606872558594
0.000217437744140625
0.0002357959747314453
0.00021314620971679688
0.00020766258239746094
0.000225067138671875
0.00023794174194335938
0.00023221969604492188
0.00021314620971679688
0.00022912025451660156
0.00022792816162109375
0.00021505355834960938
0.0002110004425048828
0.0002167224884033203
0.00025343894958496094
0.0002200603485107422
0.00023818016052246094
0.0002193450927734375
0.000240325927734375
0.00025177001953125
0.0002231597900390625
0.00022459030151367188
0.00020837783813476563
0.00021338462829589844
0.00022292137145996094
0.00021791458129882813
0.00021409988403320313
0.00022172927856445313
0.00021386146545410156
0.00023674964904785156
0.000217437744140625
0.00022077560424804688
0.00021982192993164063
0.0002391338348388672
0.0002288818359375
0.00022459030151367188
0.0002377033233642578
0.00023436546325683594
0.000209808349609375
0.0002307891845703125
0.00024366378784179688
0.00021195411682128906
0.00021219253540039063
0.0002472400665283203
0.0002465248107910156
0.00021696090698242188
0.0002543926239013672
0.0002162456512451172
0.0002503395080566406
0.000217437744140625
0.00022268295288085938
0.00023031234741210938
0.0002129077911376953
0.0002205371856689453
0.00022101402282714844
0.0002410411834716797
0.00023055076599121094
0.0002524852752685547
0.00021028518676757813
0.0002205371856689453
0.00020456314086914063
0.0002269744873046875
0.0002334117889404297
0.00021457672119140625
0.0002410411834716797
0.00022983551025390625
0.00023436546325683594
0.0002276897430419922
0.00021386146545410156
0.00022339820861816406
0.00022649765014648438
0.00024080276489257813
0.00022912025451660156
0.00023674964904785156
0.0002338886260986328
0.00021386146545410156
0.000240325927734375
0.00023794174194335938
0.0002300739288330078
0.00024580955505371094
0.0002269744873046875
0.00023245811462402344
0.00025010108947753906
0.00024080276489257813
0.00022220611572265625
0.00023674964904785156
0.0002315044403076172
0.0002491474151611328
0.0002319812774658203
0.0002524852752685547
0.0002422332763671875
0.00023603439331054688
0.00023317337036132813
0.00022530555725097656
0.00021767616271972656
0.00023484230041503906
0.0002288818359375
0.00021338462829589844
0.0002551078796386719
0.00024008750915527344
0.00019669532775878906
0.0002429485321044922
0.0002346038818359375
0.00024175643920898438
0.0002472400665283203
0.00023365020751953125
0.0002465248107910156
0.0002467632293701172
0.00022935867309570313
0.00023889541625976563
0.0002295970916748047
0.0002307891845703125
0.00022149085998535156
0.0002484321594238281
0.00022339820861816406
0.00025200843811035156
0.00023031234741210938
0.00024271011352539063
0.00022292137145996094
0.00021576881408691406
0.0002391338348388672
0.0002307891845703125
0.00023436546325683594
0.0002205371856689453
0.0002396106719970703
0.00022125244140625
0.00022912025451660156
0.0002162456512451172
0.00022840499877929688
0.0002429485321044922
0.00024819374084472656
0.00024628639221191406
0.0002193450927734375
0.0002269744873046875
0.00022101402282714844
0.00022792816162109375
0.00023293495178222656
0.00022864341735839844
0.00022983551025390625
0.0002205371856689453
0.00022530555725097656
0.00022363662719726563
0.000225067138671875
0.0002155303955078125
0.00023698806762695313
0.00021409988403320313
0.0002415180206298828
0.0002357959747314453
0.00021004676818847656
0.0002357959747314453
0.0002465248107910156
0.00023698806762695313
0.00022101402282714844
0.0002446174621582031
0.0002751350402832031
0.0002124309539794922
0.00024628639221191406
0.00021505355834960938
0.000240325927734375
0.0002300739288330078
0.00021004676818847656
0.00024390220642089844
0.0002522468566894531
0.0002377033233642578
0.00022459030151367188
0.00022673606872558594
0.00024366378784179688
0.0002429485321044922
0.0002276897430419922
0.0002143383026123047
0.00022172927856445313
0.0002598762512207031
0.0002262592315673828
0.00021886825561523438
0.00024318695068359375
0.00023484230041503906
0.0002143383026123047
0.0002391338348388672
0.0002410411834716797
0.0002257823944091797
0.0002429485321044922
0.0002155303955078125
0.000225067138671875
0.00023174285888671875
0.00021529197692871094
0.0002529621124267578
0.00021886825561523438
0.00022149085998535156
0.00025200843811035156
0.0002453327178955078
0.00022912025451660156
0.0002276897430419922
0.0002410411834716797
0.0002396106719970703
0.0002467632293701172
0.00024509429931640625
0.0002300739288330078
0.0002288818359375
0.00024509429931640625
0.00021696090698242188
0.000240325927734375
0.00024056434631347656
0.0002384185791015625
0.00025725364685058594
0.00025081634521484375
0.00023365020751953125
0.00021409988403320313
0.0002505779266357422
0.00023603439331054688
0.00021982192993164063
0.00021576881408691406
0.00022339820861816406
0.00021505355834960938
0.00020694732666015625
0.00022149085998535156
0.00023508071899414063
0.00023746490478515625
0.0002281665802001953
0.0002472400665283203
0.00024437904357910156
0.0002295970916748047
0.000240325927734375
0.00023484230041503906
0.0002620220184326172
0.00022840499877929688
0.0002300739288330078
0.00023293495178222656
0.0002357959747314453
0.000232696533203125
0.0002281665802001953
0.00021600723266601563
0.00022292137145996094
0.00024771690368652344
0.00024366378784179688
0.00021982192993164063
0.0002415180206298828
0.00022554397583007813
0.00023627281188964844
0.00022792816162109375
0.00023889541625976563
0.0002465248107910156
0.0002562999725341797
0.00022077560424804688
0.00021648406982421875
0.00021409988403320313
0.00023031234741210938
0.0002455711364746094
0.0002257823944091797
0.0002396106719970703
0.00025582313537597656
0.00024628639221191406
0.00022530555725097656
0.0002205371856689453
0.00022792816162109375
0.00024437904357910156
0.00023937225341796875
0.000217437744140625
0.00022411346435546875
0.0002448558807373047
0.00021576881408691406
0.00024366378784179688
0.00022530555725097656
0.0002295970916748047
0.0002143383026123047
0.00023698806762695313
0.00024247169494628906
0.0002434253692626953
0.0002224445343017578
0.00021910667419433594
0.00023698806762695313
0.00023698806762695313
0.0002224445343017578
0.0002448558807373047
0.0002675056457519531
0.0002446174621582031
0.00024175643920898438
0.0002410411834716797
0.00024008750915527344
0.000244140625
0.0002353191375732422
0.0002181529998779297
0.0002205371856689453
0.0002295970916748047
0.0002562999725341797
0.00022649765014648438
0.00022125244140625
0.00022292137145996094
0.00023126602172851563
0.00023436546325683594
0.0002319812774658203
0.00022554397583007813
0.00022721290588378906
0.0002353191375732422
0.0002391338348388672
0.0002269744873046875
0.00022268295288085938
0.0002377033233642578
0.0002319812774658203
0.00024509429931640625
0.0002193450927734375
0.00023293495178222656
0.00026798248291015625
0.00021529197692871094
0.0002460479736328125
0.00022840499877929688
0.00022792816162109375
0.00024247169494628906
0.0002455711364746094
0.0002219676971435547
0.00022268295288085938
0.0002422332763671875
0.00022721290588378906
0.00022745132446289063
0.00023412704467773438
0.00024366378784179688
0.0002224445343017578
0.00022029876708984375
0.0002288818359375
0.0002238750457763672
0.00021696090698242188
0.00022602081298828125
0.00023102760314941406
0.0002357959747314453
0.0002472400665283203
0.00024366378784179688
0.0002498626708984375
0.00025463104248046875
0.00027179718017578125
0.00023031234741210938
0.0002541542053222656
0.0002465248107910156
0.00023126602172851563
0.00022935867309570313
0.00023126602172851563
0.00024437904357910156
0.0002377033233642578
0.00024056434631347656
0.0002357959747314453
0.00022292137145996094
0.0002486705780029297
0.0002460479736328125
0.0002422332763671875
0.00023031234741210938
0.0002143383026123047
0.0002448558807373047
0.00023818016052246094
0.000240325927734375
0.00021719932556152344
0.00024700164794921875
0.0002372264862060547
0.00023937225341796875
0.0002200603485107422
0.000240325927734375
0.00022602081298828125
0.00022864341735839844
0.00022101402282714844
0.0002300739288330078
0.0002276897430419922
0.000240325927734375
0.0002567768096923828
0.00021600723266601563
0.0002307891845703125
