0.0015323162078857422
0.0006482601165771484
0.0007605552673339844
0.0008845329284667969
0.0009951591491699219
0.0011060237884521484
0.001207590103149414
0.0013058185577392578
0.0014622211456298828
0.0015411376953125
0.0016946792602539063
0.001750946044921875
0.0019218921661376953
0.0020105838775634766
0.002109527587890625
0.002354145050048828
0.002457857131958008
0.004041433334350586
0.00264739990234375
0.0027048587799072266
0.0028078556060791016
0.002984285354614258
0.003154277801513672
0.0032341480255126953
0.0033423900604248047
0.00400090217590332
0.0034978389739990234
0.0036666393280029297
0.003828287124633789
0.003933906555175781
0.0038652420043945313
0.004047870635986328
0.0041828155517578125
0.004301786422729492
0.004286766052246094
0.004491090774536133
0.004564762115478516
0.004744052886962891
0.004627704620361328
0.004918813705444336
0.004945993423461914
0.0051479339599609375
0.005289554595947266
0.0051724910736083984
0.005410671234130859
0.005421876907348633
0.005804777145385742
0.005764484405517578
0.0057337284088134766
0.005895137786865234
0.006285190582275391
0.006472349166870117
0.006479024887084961
0.0062525272369384766
0.006819725036621094
0.006726264953613281
0.00650334358215332
0.0070421695709228516
0.006629467010498047
0.0072705745697021484
0.007238149642944336
0.007343292236328125
0.007537841796875
0.007801532745361328
0.008047342300415039
0.007812023162841797
0.007659912109375
0.008050918579101563
0.008152484893798828
0.008398294448852539
0.008104324340820313
0.00830984115600586
0.008801937103271484
0.008617639541625977
0.008647441864013672
0.00889277458190918
0.00875401496887207
0.009219884872436523
0.009325981140136719
0.00913691520690918
0.009420394897460938
0.009534358978271484
0.009967565536499023
0.009684324264526367
0.009609222412109375
0.009960412979125977
0.010169744491577148
0.010177373886108398
0.010452747344970703
0.01037454605102539
0.010682821273803711
0.010472536087036133
0.010559558868408203
0.011017084121704102
0.01096487045288086
0.011197090148925781
0.011185169219970703
0.011198759078979492
0.011557817459106445
0.011486530303955078
0.011420965194702148
0.011884450912475586
0.011677980422973633
0.012296438217163086
0.012106895446777344
0.012330293655395508
0.012358427047729492
0.01231241226196289
0.012479305267333984
0.012439489364624023
0.012866735458374023
0.012640953063964844
0.012749910354614258
0.013064861297607422
0.01314997673034668
0.013090848922729492
0.013273954391479492
0.013277769088745117
0.013547897338867188
0.013844728469848633
0.01394200325012207
0.013382673263549805
0.013754844665527344
0.014214515686035156
0.014014482498168945
0.01411128044128418
0.015243053436279297
0.014379739761352539
0.014534950256347656
0.0150909423828125
0.01482844352722168
0.014682292938232422
0.014454126358032227
0.015452861785888672
0.01541447639465332
0.014890432357788086
0.015309810638427734
0.015256881713867188
0.016234874725341797
0.016414165496826172
0.016293764114379883
0.016269683837890625
0.015326261520385742
0.016667604446411133
0.016368389129638672
0.016231060028076172
0.01591014862060547
0.016556262969970703
0.01689743995666504
0.016989469528198242
0.016834020614624023
0.0169522762298584
0.016215085983276367
0.017310142517089844
0.017706632614135742
0.017246723175048828
0.01687026023864746
0.016931772232055664
0.01832723617553711
0.018039941787719727
0.0179901123046875
0.018020153045654297
0.017978191375732422
0.0181581974029541
0.018828392028808594
0.018770456314086914
0.019311904907226563
0.019716978073120117
0.019037485122680664
0.019407033920288086
0.0189054012298584
0.019103527069091797
0.019805908203125
0.019572973251342773
0.019755840301513672
0.019353389739990234
0.01955699920654297
0.019699811935424805
0.019734621047973633
0.019379615783691406
0.019808292388916016
0.0201265811920166
0.019545555114746094
0.01913762092590332
0.019877910614013672
0.019611597061157227
0.019710302352905273
0.020819902420043945
0.02034163475036621
0.020146608352661133
0.02006387710571289
0.020219087600708008
0.020734071731567383
0.020333051681518555
0.02013230323791504
0.020144939422607422
0.020294904708862305
0.021136999130249023
0.02084636688232422
0.021345138549804688
0.021265268325805664
0.02083301544189453
0.021918296813964844
0.022031784057617188
0.022150039672851563
0.022025585174560547
0.021852731704711914
0.02309250831604004
0.022487401962280273
0.02259349822998047
0.022383928298950195
0.022925615310668945
0.022924423217773438
0.023264169692993164
0.022794008255004883
0.022807836532592773
0.022762060165405273
0.022655725479125977
0.023120403289794922
0.022535324096679688
0.02288651466369629
0.023057222366333008
0.022832632064819336
0.022688627243041992
0.02269744873046875
0.02303290367126465
0.02296900749206543
0.022660017013549805
0.022655725479125977
0.023016929626464844
0.022998332977294922
0.02341294288635254
0.02307724952697754
0.024116992950439453
0.023310422897338867
0.02326512336730957
0.02419734001159668
0.02359938621520996
0.023698806762695313
0.023394107818603516
0.023855209350585938
0.024873733520507813
0.02448415756225586
0.024463891983032227
0.02455735206604004
0.024834156036376953
0.025758743286132813
0.02509307861328125
0.02508687973022461
0.025480031967163086
0.025292158126831055
0.025295734405517578
0.02509140968322754
0.026556968688964844
0.02469801902770996
0.025587797164916992
0.02554631233215332
0.02524542808532715
0.02525186538696289
0.025478124618530273
0.02588057518005371
0.0263674259185791
0.026437044143676758
0.026010990142822266
0.026488065719604492
0.025394678115844727
0.02590203285217285
0.02570509910583496
0.02625727653503418
0.02566075325012207
0.025946855545043945
0.026024580001831055
0.026056528091430664
0.025813817977905273
0.0269472599029541
0.026409626007080078
0.026036739349365234
0.02671337127685547
0.02644515037536621
0.02731943130493164
0.02760910987854004
0.027208566665649414
0.02727961540222168
0.027031660079956055
0.028230905532836914
0.02809929847717285
0.02805495262145996
0.02805018424987793
0.027553319931030273
0.028011083602905273
0.02822089195251465
0.027844905853271484
0.02839040756225586
0.027563095092773438
0.027765274047851563
0.027588844299316406
0.02761101722717285
0.02742743492126465
0.02740311622619629
0.027413129806518555
0.02811741828918457
0.027703285217285156
0.02788400650024414
0.02808523178100586
0.02823185920715332
0.02785491943359375
0.02844071388244629
0.028385400772094727
0.028806209564208984
0.028717756271362305
0.02867603302001953
0.028577327728271484
0.028033018112182617
0.028103113174438477
0.02818894386291504
0.029249191284179688
0.028198719024658203
0.02960991859436035
0.029243946075439453
0.0293886661529541
0.028668880462646484
0.029242753982543945
0.030434370040893555
0.030135631561279297
0.03060460090637207
0.0301971435546875
0.030269622802734375
0.031106233596801758
0.031366586685180664
0.030997753143310547
0.03116631507873535
0.030179262161254883
0.029795169830322266
0.030497312545776367
0.030285120010375977
0.03108692169189453
0.031174659729003906
0.031102895736694336
0.030708789825439453
0.030465126037597656
0.030594825744628906
0.030283212661743164
0.030573129653930664
0.030913114547729492
0.0301816463470459
0.030410289764404297
0.031121492385864258
0.031073331832885742
0.030571460723876953
0.030696630477905273
0.03208661079406738
0.0319666862487793
0.032126426696777344
0.03133869171142578
0.03150749206542969
0.03250885009765625
0.031714439392089844
0.031694889068603516
0.03199601173400879
0.03162717819213867
0.030760765075683594
0.030744552612304688
0.03083181381225586
0.030373096466064453
0.030545949935913086
0.03033447265625
0.030441999435424805
0.030152559280395508
0.03054332733154297
0.031397342681884766
0.03136563301086426
0.031678199768066406
0.031305551528930664
0.03117203712463379
0.03267979621887207
0.03233647346496582
0.032675743103027344
0.03269457817077637
0.03231096267700195
0.03199648857116699
0.032877206802368164
0.03272414207458496
0.033219099044799805
0.03310561180114746
0.03330397605895996
0.032295942306518555
0.03323245048522949
0.03339958190917969
0.03296089172363281
0.03420376777648926
0.032721757888793945
0.033858299255371094
0.034508705139160156
0.03352689743041992
0.03390145301818848
0.034586429595947266
0.03438687324523926
0.0344545841217041
0.03420257568359375
0.03375363349914551
0.034303903579711914
0.03406023979187012
0.035683393478393555
0.0347592830657959
0.03465104103088379
0.03469443321228027
0.03482246398925781
0.0347135066986084
0.03452444076538086
0.0342104434967041
0.034716129302978516
0.034522056579589844
0.03477740287780762
0.03470873832702637
0.03465771675109863
0.03502178192138672
0.03560638427734375
0.03536677360534668
0.034446001052856445
0.03476548194885254
0.03545331954956055
0.03497171401977539
0.03478527069091797
0.03496599197387695
0.03530120849609375
0.0347445011138916
0.03475189208984375
0.03502249717712402
0.03455233573913574
0.03491330146789551
0.03471970558166504
0.03470468521118164
0.034891366958618164
0.0354161262512207
0.03460812568664551
0.03475594520568848
0.03544163703918457
0.0353541374206543
0.034605979919433594
0.03688669204711914
0.036092519760131836
0.036588430404663086
0.03756546974182129
0.03618478775024414
0.03623509407043457
0.0364985466003418
0.03574657440185547
0.03627490997314453
0.03694629669189453
0.03635001182556152
0.036531925201416016
0.03849005699157715
0.037410736083984375
0.037573814392089844
0.03777360916137695
0.03729581832885742
0.037230491638183594
0.03751206398010254
0.037392616271972656
0.037976980209350586
0.03791475296020508
0.03714919090270996
0.03827047348022461
0.03777885437011719
0.03773093223571777
0.03752565383911133
0.03751063346862793
0.03896689414978027
0.03848624229431152
0.039330244064331055
0.03871440887451172
0.03907895088195801
0.03724813461303711
0.037557363510131836
0.03702664375305176
0.037396907806396484
0.03718447685241699
0.03714728355407715
0.03726911544799805
0.03790688514709473
0.03780245780944824
0.03786349296569824
0.03777432441711426
0.037976741790771484
0.0384674072265625
0.03807854652404785
0.03896689414978027
0.03739452362060547
0.0377650260925293
0.03841042518615723
0.03877377510070801
0.038262128829956055
0.03925633430480957
0.03780388832092285
0.03898048400878906
0.038327693939208984
0.03898024559020996
0.03871440887451172
0.03832650184631348
0.03876209259033203
