0.0017745494842529297
0.0002624988555908203
0.0002720355987548828
0.00026226043701171875
0.0002613067626953125
0.00026917457580566406
0.00025534629821777344
0.00026726722717285156
0.0002799034118652344
0.00027632713317871094
0.0002720355987548828
0.0002841949462890625
0.0002608299255371094
0.00028896331787109375
0.00026679039001464844
0.0002741813659667969
0.00027871131896972656
0.00028443336486816406
0.0002772808074951172
0.0002808570861816406
0.0002589225769042969
0.0002593994140625
0.0002658367156982422
0.0002589225769042969
0.0002551078796386719
0.0002453327178955078
0.00026416778564453125
0.0002741813659667969
0.0002682209014892578
0.00027632713317871094
0.0002803802490234375
0.00026297569274902344
0.0002570152282714844
0.00027441978454589844
0.00026798248291015625
0.00026869773864746094
0.0002505779266357422
0.00026535987854003906
0.0002639293670654297
0.0002560615539550781
0.00025653839111328125
0.00027060508728027344
0.00026702880859375
0.00026416778564453125
0.0002675056457519531
0.00025534629821777344
0.00025725364685058594
0.0002665519714355469
0.0002777576446533203
0.00026416778564453125
0.00029015541076660156
0.0002739429473876953
0.00025963783264160156
0.0002574920654296875
0.0002655982971191406
0.0002682209014892578
0.0002663135528564453
0.00025963783264160156
0.0002510547637939453
0.0002562999725341797
0.00026917457580566406
0.00026702880859375
0.0002567768096923828
0.0002536773681640625
0.0002872943878173828
0.0002815723419189453
0.0002586841583251953
0.000278472900390625
0.00026297569274902344
0.0002560615539550781
0.000274658203125
0.00026988983154296875
0.00026798248291015625
0.0002765655517578125
0.0002570152282714844
0.0002636909484863281
0.0002560615539550781
0.00026607513427734375
0.0002608299255371094
0.0002658367156982422
0.0002627372741699219
0.00026535987854003906
0.00028228759765625
0.0002727508544921875
0.00026154518127441406
0.00026798248291015625
0.0002834796905517578
0.00025773048400878906
0.0002639293670654297
0.0002689361572265625
0.00026035308837890625
0.000274658203125
0.0002741813659667969
0.0002601146697998047
0.0002682209014892578
0.0002601146697998047
0.0002586841583251953
0.00027823448181152344
0.00027108192443847656
0.0002703666687011719
0.00026154518127441406
0.0002868175506591797
0.0002808570861816406
0.00026416778564453125
0.0002741813659667969
0.0002684593200683594
0.000270843505859375
0.0002872943878173828
0.00026702880859375
0.0002741813659667969
0.0002605915069580078
0.0002830028533935547
0.000274658203125
0.0002808570861816406
0.0002732276916503906
0.000270843505859375
0.00026535987854003906
0.000270843505859375
0.0002732276916503906
0.0002834796905517578
0.00028514862060546875
0.0002703666687011719
0.00027108192443847656
0.0002739429473876953
0.0002758502960205078
0.0002598762512207031
0.000270843505859375
0.0002796649932861328
0.0002837181091308594
0.0002734661102294922
0.0002853870391845703
0.00029158592224121094
0.0002982616424560547
0.0002961158752441406
0.0002846717834472656
0.00027060508728027344
0.00028228759765625
0.0002818107604980469
0.0002732276916503906
0.0002722740173339844
0.0002868175506591797
0.00025725364685058594
0.00027489662170410156
0.0002727508544921875
0.00026988983154296875
0.0002834796905517578
0.0002663135528564453
0.00026607513427734375
0.0002751350402832031
0.0002872943878173828
0.0002651214599609375
0.0002772808074951172
0.0002624988555908203
0.0002639293670654297
0.00028061866760253906
0.00028777122497558594
0.00027060508728027344
0.0002827644348144531
0.0002682209014892578
0.00027441978454589844
0.00026702880859375
0.0002789497375488281
0.00026106834411621094
0.0002713203430175781
0.0002913475036621094
0.00027632713317871094
0.00027179718017578125
0.0002713203430175781
0.00029206275939941406
0.0002677440643310547
0.00026917457580566406
0.0002760887145996094
0.00027108192443847656
0.0002722740173339844
0.0002713203430175781
0.00026607513427734375
0.0002815723419189453
0.0002663135528564453
0.00027179718017578125
0.00027251243591308594
0.000270843505859375
0.000270843505859375
0.0002758502960205078
0.0002696514129638672
0.0002624988555908203
0.00026679039001464844
0.0002675056457519531
0.0002734661102294922
0.0002758502960205078
0.00027441978454589844
0.00028967857360839844
0.0002684593200683594
0.0003554821014404297
0.0002808570861816406
0.0002701282501220703
0.0002849102020263672
0.0002658367156982422
0.0002951622009277344
0.0002713203430175781
0.00027179718017578125
0.0002741813659667969
0.0002903938293457031
0.0002703666687011719
0.0002720355987548828
0.00027489662170410156
0.0002675056457519531
0.0002636909484863281
0.00026297569274902344
0.0002682209014892578
0.00027680397033691406
0.0002732276916503906
0.0002579689025878906
0.00027060508728027344
0.0002818107604980469
0.00027441978454589844
0.0002689361572265625
0.00027060508728027344
0.0002760887145996094
0.0002796649932861328
0.0007157325744628906
0.00026488304138183594
0.00028014183044433594
0.0002694129943847656
0.0003018379211425781
0.0002608299255371094
0.0002779960632324219
0.0002760887145996094
0.0002658367156982422
0.0002779960632324219
0.00026726722717285156
0.00027108192443847656
0.0002777576446533203
0.0002887248992919922
0.00026869773864746094
0.00026988983154296875
0.00027060508728027344
0.0002713203430175781
0.0003008842468261719
0.0002803802490234375
0.0002779960632324219
0.0002582073211669922
0.0002713203430175781
0.0002841949462890625
0.00027632713317871094
0.00027751922607421875
0.0002760887145996094
0.0002758502960205078
0.00027489662170410156
0.00027441978454589844
0.0002651214599609375
0.0002837181091308594
0.00029730796813964844
0.00027632713317871094
0.0002701282501220703
0.0002846717834472656
0.00026798248291015625
0.0002675056457519531
0.00027751922607421875
0.00026226043701171875
0.0002665519714355469
0.0002906322479248047
0.0002853870391845703
0.0002760887145996094
0.0002772808074951172
0.00027251243591308594
0.00027823448181152344
0.0002834796905517578
0.00028824806213378906
0.00027942657470703125
0.00028443336486816406
0.0002796649932861328
0.0002620220184326172
0.0002868175506591797
0.00026869773864746094
0.0002961158752441406
0.0002777576446533203
0.0002856254577636719
0.0002779960632324219
0.0002655982971191406
0.0002887248992919922
0.0002639293670654297
0.00027298927307128906
0.0002818107604980469
0.0002868175506591797
0.00028514862060546875
0.0002760887145996094
0.0002872943878173828
0.0002818107604980469
0.0002760887145996094
0.00030994415283203125
0.0002963542938232422
0.0002803802490234375
0.0002779960632324219
0.0002715587615966797
0.00027060508728027344
0.00028514862060546875
0.0002880096435546875
0.0002837181091308594
0.0002808570861816406
0.00027370452880859375
0.0002906322479248047
0.0002892017364501953
0.0002665519714355469
0.0002701282501220703
0.00026702880859375
0.0002830028533935547
0.00026345252990722656
0.00027489662170410156
0.0002923011779785156
0.00028014183044433594
0.00027561187744140625
0.0002899169921875
0.0002720355987548828
0.0002846717834472656
0.0002732276916503906
0.00027751922607421875
0.0002722740173339844
0.0002760887145996094
0.0002758502960205078
0.00028324127197265625
0.0002880096435546875
0.0003070831298828125
0.0002894401550292969
0.0002913475036621094
0.00026917457580566406
0.00029158592224121094
0.0002715587615966797
0.00027561187744140625
0.0002918243408203125
0.00027251243591308594
0.0002765655517578125
0.00029158592224121094
0.00029158592224121094
0.0002865791320800781
0.00027108192443847656
0.00028252601623535156
0.0002720355987548828
0.0002789497375488281
0.00028705596923828125
0.0002887248992919922
0.00026488304138183594
0.00029087066650390625
0.0002639293670654297
0.00027632713317871094
0.0002760887145996094
0.0002865791320800781
0.0002620220184326172
0.0002956390380859375
0.000278472900390625
0.00027060508728027344
0.0002732276916503906
0.00028514862060546875
0.0002655982971191406
0.0002677440643310547
0.0002884864807128906
0.000274658203125
0.0002827644348144531
0.000286102294921875
0.0002675056457519531
0.00027680397033691406
0.0002949237823486328
0.0002815723419189453
0.0002894401550292969
0.0003070831298828125
0.0002765655517578125
0.00028324127197265625
0.0002803802490234375
0.00027632713317871094
0.00029349327087402344
0.00029015541076660156
0.0002841949462890625
0.0002779960632324219
0.0002925395965576172
0.0002720355987548828
0.0002853870391845703
0.000293731689453125
0.0002808570861816406
0.000293731689453125
0.0002932548522949219
0.0002868175506591797
0.00029730796813964844
0.00027489662170410156
0.0002777576446533203
0.0002944469451904297
0.0002760887145996094
0.0002808570861816406
0.0002892017364501953
0.0002894401550292969
0.00028586387634277344
0.00028705596923828125
0.0003025531768798828
0.0002799034118652344
0.0002918243408203125
0.00028204917907714844
0.00028705596923828125
0.0002865791320800781
0.00027561187744140625
0.0002779960632324219
0.00027489662170410156
0.00029015541076660156
0.0002808570861816406
0.0002830028533935547
0.0003120899200439453
0.0002684593200683594
0.000270843505859375
0.00028252601623535156
0.0002880096435546875
0.0002856254577636719
0.0002789497375488281
0.0002899169921875
0.00028777122497558594
0.0002720355987548828
0.00027823448181152344
0.0002872943878173828
0.00030994415283203125
0.00026488304138183594
0.00028228759765625
0.00029087066650390625
0.0002827644348144531
0.00029754638671875
0.0003006458282470703
0.00028634071350097656
0.0002753734588623047
0.0002894401550292969
0.00027108192443847656
0.0003056526184082031
0.0002803802490234375
0.000286102294921875
0.0002777576446533203
0.0002760887145996094
0.0002963542938232422
0.00029158592224121094
0.00027370452880859375
0.00028586387634277344
0.0002894401550292969
0.00028324127197265625
0.00030875205993652344
0.00029540061950683594
0.00032520294189453125
0.0002799034118652344
0.0002968311309814453
0.00030303001403808594
0.0002887248992919922
0.0003046989440917969
0.00030350685119628906
0.0002913475036621094
0.00028324127197265625
0.0002856254577636719
0.0002830028533935547
0.0003058910369873047
0.0002810955047607422
0.0002892017364501953
0.0003056526184082031
0.00029349327087402344
0.0002942085266113281
0.00029206275939941406
0.00029754638671875
0.0002987384796142578
0.0002853870391845703
0.00028395652770996094
0.000301361083984375
0.0002830028533935547
0.0002899169921875
0.0002849102020263672
0.00027823448181152344
0.0002949237823486328
0.0002923011779785156
0.0002963542938232422
0.00030159950256347656
0.0003018379211425781
0.00028395652770996094
0.00029349327087402344
0.0002856254577636719
0.0002982616424560547
0.00028634071350097656
0.0002837181091308594
0.00027298927307128906
0.0002911090850830078
0.0002808570861816406
0.00027632713317871094
0.0002923011779785156
0.0002865791320800781
0.0002918243408203125
0.0002830028533935547
0.00030231475830078125
0.0002853870391845703
0.00029468536376953125
0.00039696693420410156
0.0003879070281982422
0.00038909912109375
0.00039076805114746094
0.0003921985626220703
0.00039315223693847656
0.00042438507080078125
0.0003879070281982422
0.0004062652587890625
0.0003764629364013672
0.0003783702850341797
0.0003840923309326172
0.0003895759582519531
