0.0027239322662353516
0.0002779960632324219
0.00027871131896972656
0.0002810955047607422
0.00027823448181152344
0.00027632713317871094
0.0002655982971191406
0.00028586387634277344
0.0002841949462890625
0.0002856254577636719
0.0002779960632324219
0.0002880096435546875
0.00027871131896972656
0.00029277801513671875
0.0002799034118652344
0.00028634071350097656
0.0002810955047607422
0.0002770423889160156
0.0002827644348144531
0.0002834796905517578
0.0002739429473876953
0.0002796649932861328
0.00027561187744140625
0.00029659271240234375
0.00026988983154296875
0.0002694129943847656
0.0002758502960205078
0.00027441978454589844
0.00027489662170410156
0.0002830028533935547
0.000270843505859375
0.00028967857360839844
0.00028395652770996094
0.00028967857360839844
0.0002815723419189453
0.0002846717834472656
0.0002682209014892578
0.00028204917907714844
0.00028896331787109375
0.00028324127197265625
0.00026607513427734375
0.00027751922607421875
0.0002865791320800781
0.00028204917907714844
0.0002841949462890625
0.00029087066650390625
0.00028777122497558594
0.00028395652770996094
0.0002753734588623047
0.00031113624572753906
0.0002810955047607422
0.00027680397033691406
0.0002796649932861328
0.00028824806213378906
0.0002853870391845703
0.0002880096435546875
0.0002872943878173828
0.0002846717834472656
0.0002739429473876953
0.0002849102020263672
0.0002856254577636719
0.0002872943878173828
0.00028967857360839844
0.00028252601623535156
0.00028896331787109375
0.0002899169921875
0.0002892017364501953
0.0002903938293457031
0.0002892017364501953
0.0002770423889160156
0.00028228759765625
0.0002892017364501953
0.0002930164337158203
0.0002868175506591797
0.00029015541076660156
0.0002791881561279297
0.000278472900390625
0.00028705596923828125
0.0002903938293457031
0.00028204917907714844
0.00028395652770996094
0.00029015541076660156
0.0002887248992919922
0.0002875328063964844
0.00028395652770996094
0.0002894401550292969
0.0003039836883544922
0.000286102294921875
0.0002837181091308594
0.00028395652770996094
0.00028443336486816406
0.00029087066650390625
0.00030612945556640625
0.00028252601623535156
0.0002830028533935547
0.0002868175506591797
0.0002846717834472656
0.00028443336486816406
0.0002892017364501953
0.00028204917907714844
0.00029158592224121094
0.0002846717834472656
0.0002899169921875
0.0002803802490234375
0.00028967857360839844
0.0002899169921875
0.000286102294921875
0.00028705596923828125
0.00029587745666503906
0.0002930164337158203
0.0002894401550292969
0.00031304359436035156
0.000301361083984375
0.0002903938293457031
0.0002899169921875
0.0002911090850830078
0.00028395652770996094
0.0002856254577636719
0.0002765655517578125
0.0002970695495605469
0.0002982616424560547
0.0002906322479248047
0.0002982616424560547
0.0002911090850830078
0.000286102294921875
0.0002777576446533203
0.0002970695495605469
0.0002942085266113281
0.0002994537353515625
0.00029754638671875
0.00029540061950683594
0.0002923011779785156
0.0002968311309814453
0.0002923011779785156
0.00030159950256347656
0.00029206275939941406
0.0003025531768798828
0.00030732154846191406
0.00029277801513671875
0.00028896331787109375
0.00030112266540527344
0.00028705596923828125
0.0002911090850830078
0.0002872943878173828
0.0002956390380859375
0.00030732154846191406
0.0002999305725097656
0.0003070831298828125
0.00030875205993652344
0.0003046989440917969
0.0003097057342529297
0.00029921531677246094
0.00028634071350097656
0.00031185150146484375
0.000308990478515625
0.0003070831298828125
0.00030612945556640625
0.0003142356872558594
0.0003018379211425781
0.0003063678741455078
0.0003008842468261719
0.00030422210693359375
0.00029349327087402344
0.00031113624572753906
0.00030803680419921875
0.0002982616424560547
0.0003108978271484375
0.0003075599670410156
0.00030922889709472656
0.0003070831298828125
0.0002942085266113281
0.0002994537353515625
0.0003025531768798828
0.00031113624572753906
0.0003001689910888672
0.0003147125244140625
0.0003101825714111328
0.0003085136413574219
0.0003185272216796875
0.0003170967102050781
0.00031185150146484375
0.0003120899200439453
0.00030303001403808594
0.0003173351287841797
0.000308990478515625
0.00030231475830078125
0.0003132820129394531
0.0003039836883544922
0.00032401084899902344
0.00031113624572753906
0.0003082752227783203
0.0003006458282470703
0.0003960132598876953
0.0003027915954589844
0.00031065940856933594
0.00029730796813964844
0.0003120899200439453
0.00031280517578125
0.0003020763397216797
0.0003044605255126953
0.0003192424774169922
0.00032210350036621094
0.00031948089599609375
0.0003039836883544922
0.00031185150146484375
0.0003104209899902344
0.00030493736267089844
0.00032019615173339844
0.0003027915954589844
0.00031828880310058594
0.0003173351287841797
0.00029850006103515625
0.00030517578125
0.0003085136413574219
0.00031638145446777344
0.00030922889709472656
0.0003147125244140625
0.00030994415283203125
0.00030541419982910156
0.0006806850433349609
0.000301361083984375
0.0003066062927246094
0.00032019615173339844
0.0003192424774169922
0.0002918243408203125
0.00031185150146484375
0.00031828880310058594
0.0003070831298828125
0.0003097057342529297
0.00030612945556640625
0.0003108978271484375
0.0003151893615722656
0.0003094673156738281
0.00031065940856933594
0.0003330707550048828
0.0003097057342529297
0.0003094673156738281
0.00031280517578125
0.0003082752227783203
0.0003063678741455078
0.0003070831298828125
0.00030994415283203125
0.0003097057342529297
0.0003192424774169922
0.00030922889709472656
0.0003066062927246094
0.00032520294189453125
0.0003108978271484375
0.00031638145446777344
0.0003209114074707031
0.0003209114074707031
0.00031685829162597656
0.0003352165222167969
0.0003154277801513672
0.0003180503845214844
0.000308990478515625
0.00031685829162597656
0.00031685829162597656
0.00031447410583496094
0.00030922889709472656
0.0003209114074707031
0.0003139972686767578
0.0003113746643066406
0.0003230571746826172
0.0003077983856201172
0.0003154277801513672
0.00032019615173339844
0.0003154277801513672
0.00032019615173339844
0.0003139972686767578
0.000316619873046875
0.0003237724304199219
0.0003211498260498047
0.0003266334533691406
0.0003190040588378906
0.00030994415283203125
0.0003337860107421875
0.0003192424774169922
0.0003063678741455078
0.0003180503845214844
0.00031375885009765625
0.0003008842468261719
0.0003151893615722656
0.0003192424774169922
0.00032806396484375
0.00031375885009765625
0.00031638145446777344
0.0003116130828857422
0.0003285408020019531
0.000316619873046875
0.0003170967102050781
0.0003337860107421875
0.00031375885009765625
0.000316619873046875
0.00031876564025878906
0.0003185272216796875
0.0003159046173095703
0.00032138824462890625
0.00031685829162597656
0.00031375885009765625
0.0003230571746826172
0.0003235340118408203
0.00030493736267089844
0.0003018379211425781
0.00031828880310058594
0.0003108978271484375
0.0002999305725097656
0.0003178119659423828
0.0003209114074707031
0.0003151893615722656
0.0003209114074707031
0.00031757354736328125
0.0003116130828857422
0.00030922889709472656
0.0003292560577392578
0.00033473968505859375
0.00031638145446777344
0.00031638145446777344
0.0003147125244140625
0.00031828880310058594
0.0003311634063720703
0.0003247261047363281
0.0003287792205810547
0.00031375885009765625
0.0003204345703125
0.00032591819763183594
0.00031876564025878906
0.0004496574401855469
0.00032520294189453125
0.00032830238342285156
0.0003192424774169922
0.0003254413604736328
0.0003139972686767578
0.0003192424774169922
0.0003299713134765625
0.0003228187561035156
0.0003142356872558594
0.0003204345703125
0.00031828880310058594
0.00031113624572753906
0.0003070831298828125
0.0003314018249511719
0.0003209114074707031
0.0003159046173095703
0.00032520294189453125
0.0003173351287841797
0.00030994415283203125
0.0003223419189453125
0.0003075599670410156
0.00032448768615722656
0.0003266334533691406
0.0003211498260498047
0.00030922889709472656
0.00032711029052734375
0.0003275871276855469
0.0003066062927246094
0.0003330707550048828
0.00033283233642578125
0.0003097057342529297
0.0003173351287841797
0.0003235340118408203
0.0003159046173095703
0.0003190040588378906
0.0003216266632080078
0.00032591819763183594
0.000335693359375
0.0003249645233154297
0.0003223419189453125
0.0003249645233154297
0.00032639503479003906
0.0003185272216796875
0.00034308433532714844
0.0003218650817871094
0.0003256797790527344
0.00034356117248535156
0.0003323554992675781
0.0003223419189453125
0.00032901763916015625
0.00032973289489746094
0.0003237724304199219
0.0003199577331542969
0.0003256797790527344
0.0003249645233154297
0.00032973289489746094
0.00033664703369140625
0.0003218650817871094
0.00034546852111816406
0.0003285408020019531
0.0003268718719482422
0.00033283233642578125
0.000324249267578125
0.00032806396484375
0.00032830238342285156
0.00034689903259277344
0.0003485679626464844
0.0003402233123779297
0.0003204345703125
0.00032448768615722656
0.0003266334533691406
0.00032782554626464844
0.00033164024353027344
0.0003287792205810547
0.0003249645233154297
0.00032591819763183594
0.00034308433532714844
0.00032639503479003906
0.00031566619873046875
0.00034117698669433594
0.0003368854522705078
0.00031256675720214844
0.00032520294189453125
0.0003349781036376953
0.0003085136413574219
0.0003268718719482422
0.0003445148468017578
0.0003132820129394531
0.0003287792205810547
0.00032591819763183594
0.0003120899200439453
0.00032520294189453125
0.000331878662109375
0.0003199577331542969
0.00033354759216308594
0.0003268718719482422
0.00032329559326171875
0.0003254413604736328
0.0003325939178466797
0.00032520294189453125
0.0003345012664794922
0.00033545494079589844
0.00032711029052734375
0.0003199577331542969
0.00032639503479003906
0.00034618377685546875
0.0003311634063720703
0.0003294944763183594
0.00033593177795410156
0.00031876564025878906
0.0003459453582763672
0.0003304481506347656
0.0003361701965332031
0.00034046173095703125
0.00034332275390625
0.00035500526428222656
0.00032138824462890625
0.0003674030303955078
0.0003387928009033203
0.00032711029052734375
0.00033283233642578125
0.0003204345703125
0.0003345012664794922
0.00033593177795410156
0.0003437995910644531
0.00033211708068847656
0.0003361701965332031
0.0003387928009033203
0.00031113624572753906
0.0003418922424316406
0.0003294944763183594
0.0003190040588378906
0.00032329559326171875
0.0003223419189453125
0.00034236907958984375
0.00033855438232421875
0.00033473968505859375
0.0003311634063720703
0.00032901763916015625
0.00034737586975097656
0.0003368854522705078
0.0003342628479003906
0.00032973289489746094
0.00034117698669433594
0.0003459453582763672
0.00034809112548828125
0.0003390312194824219
0.00033926963806152344
0.0003299713134765625
0.0003376007080078125
0.000331878662109375
0.000324249267578125
0.00034928321838378906
0.00034356117248535156
0.0003371238708496094
0.0003418922424316406
0.00033736228942871094
0.00034165382385253906
0.00033020973205566406
0.0003414154052734375
0.0003390312194824219
0.0003314018249511719
0.000335693359375
0.000339508056640625
0.00034880638122558594
0.00033164024353027344
0.00045108795166015625
0.0004487037658691406
0.00044417381286621094
0.0004508495330810547
0.0004494190216064453
0.0004553794860839844
