0.002157449722290039
0.00023651123046875
0.00023937225341796875
0.00023698806762695313
0.00023293495178222656
0.00023627281188964844
0.0002300739288330078
0.00023031234741210938
0.00023651123046875
0.0002315044403076172
0.00023865699768066406
0.00022935867309570313
0.00023436546325683594
0.0002474784851074219
0.00025010108947753906
0.00024390220642089844
0.00023794174194335938
0.00025177001953125
0.0002410411834716797
0.00024437904357910156
0.00023698806762695313
0.0002372264862060547
0.0002524852752685547
0.0002391338348388672
0.00023603439331054688
0.00022411346435546875
0.0002448558807373047
0.0002422332763671875
0.00023865699768066406
0.00024247169494628906
0.00026297569274902344
0.00025916099548339844
0.0002422332763671875
0.0002465248107910156
0.00024318695068359375
0.00023293495178222656
0.0002357959747314453
0.0002391338348388672
0.0002493858337402344
0.0002446174621582031
0.00025010108947753906
0.00025534629821777344
0.0002460479736328125
0.0002536773681640625
0.00022792816162109375
0.0002460479736328125
0.00023698806762695313
0.00022220611572265625
0.0002655982971191406
0.0002231597900390625
0.0002465248107910156
0.00024080276489257813
0.0002586841583251953
0.00024247169494628906
0.0002524852752685547
0.0002472400665283203
0.00024008750915527344
0.0002391338348388672
0.0002505779266357422
0.0002219676971435547
0.00025153160095214844
0.0002465248107910156
0.00023889541625976563
0.0002465248107910156
0.00023984909057617188
0.0002627372741699219
0.0002551078796386719
0.00025391578674316406
0.00025153160095214844
0.0002384185791015625
0.00022029876708984375
0.0002505779266357422
0.0002288818359375
0.00023889541625976563
0.00024366378784179688
0.0002613067626953125
0.00022602081298828125
0.00023984909057617188
0.0002410411834716797
0.0002446174621582031
0.0002579689025878906
0.0002460479736328125
0.00023627281188964844
0.00022745132446289063
0.0002486705780029297
0.00022792816162109375
0.00022792816162109375
0.00023674964904785156
0.00023865699768066406
0.0002319812774658203
0.00024700164794921875
0.0002334117889404297
0.0002238750457763672
0.0002276897430419922
0.0002467632293701172
0.0002589225769042969
0.0002338886260986328
0.00023055076599121094
0.0002377033233642578
0.00022101402282714844
0.00021886825561523438
0.00024962425231933594
0.00024819374084472656
0.00022482872009277344
0.0002384185791015625
0.000240325927734375
0.0002491474151611328
0.00023436546325683594
0.00022673606872558594
0.00023889541625976563
0.00022220611572265625
0.00021600723266601563
0.00022411346435546875
0.0002448558807373047
0.00021648406982421875
0.00024127960205078125
0.00023055076599121094
0.00022268295288085938
0.0002231597900390625
0.00023984909057617188
0.0002238750457763672
0.0002446174621582031
0.00023102760314941406
0.00022363662719726563
0.00022149085998535156
0.00021719932556152344
0.00023937225341796875
0.00022411346435546875
0.00024318695068359375
0.00024890899658203125
0.0002512931823730469
0.0002429485321044922
0.00022935867309570313
0.00023126602172851563
0.00023627281188964844
0.00021600723266601563
0.00023889541625976563
0.0002396106719970703
0.0002474784851074219
0.00022268295288085938
0.0002493858337402344
0.0002186298370361328
0.00023126602172851563
0.00023865699768066406
0.00024890899658203125
0.000240325927734375
0.00022721290588378906
0.00024056434631347656
0.00024700164794921875
0.00023698806762695313
0.0002505779266357422
0.00023651123046875
0.00022935867309570313
0.00023603439331054688
0.0002334117889404297
0.0002338886260986328
0.000244140625
0.000225067138671875
0.00021457672119140625
0.00023889541625976563
0.00024962425231933594
0.0002238750457763672
0.0002453327178955078
0.00024771690368652344
0.00022983551025390625
0.0002446174621582031
0.00023937225341796875
0.0002281665802001953
0.00022721290588378906
0.0002243518829345703
0.00023984909057617188
0.0002434253692626953
0.0002276897430419922
0.00022649765014648438
0.0002238750457763672
0.00022721290588378906
0.00023698806762695313
0.0002548694610595703
0.0002493858337402344
0.00024509429931640625
0.000232696533203125
0.0002205371856689453
0.0002434253692626953
0.0002453327178955078
0.0002243518829345703
0.0002238750457763672
0.0002384185791015625
0.00023627281188964844
0.00023031234741210938
0.00022077560424804688
0.00022602081298828125
0.00024962425231933594
0.00023317337036132813
0.0002295970916748047
0.0002484321594238281
0.00022721290588378906
0.00022411346435546875
0.00021767616271972656
0.0002148151397705078
0.00022220611572265625
0.00022554397583007813
0.00022745132446289063
0.0002434253692626953
0.0002262592315673828
0.00022339820861816406
0.00022912025451660156
0.00023412704467773438
0.00021886825561523438
0.00023365020751953125
0.0002257823944091797
0.00022912025451660156
0.0002231597900390625
0.0002276897430419922
0.0002200603485107422
0.00023651123046875
0.00022125244140625
0.00022673606872558594
0.00021839141845703125
0.00022530555725097656
0.00022912025451660156
0.0002269744873046875
0.00024437904357910156
0.0002536773681640625
0.00021719932556152344
0.0002357959747314453
0.00022077560424804688
0.0002238750457763672
0.0002079010009765625
0.00023174285888671875
0.00022411346435546875
0.0002262592315673828
0.00022292137145996094
0.00022459030151367188
0.00023102760314941406
0.0002307891845703125
0.00023221969604492188
0.00022268295288085938
0.0002429485321044922
0.0002205371856689453
0.0002162456512451172
0.00023818016052246094
0.00022792816162109375
0.00022840499877929688
0.00023865699768066406
0.00022792816162109375
0.00022721290588378906
0.00021529197692871094
0.000225067138671875
0.00024008750915527344
0.0002243518829345703
0.00022745132446289063
0.00023221969604492188
0.00022792816162109375
0.0002281665802001953
0.00022721290588378906
0.00022602081298828125
0.00022602081298828125
0.0002238750457763672
0.00022530555725097656
0.000240325927734375
0.00022864341735839844
0.0002281665802001953
0.0002224445343017578
0.0002224445343017578
0.0002243518829345703
0.000232696533203125
0.0002300739288330078
0.0002295970916748047
0.00022935867309570313
0.0002257823944091797
0.00023412704467773438
0.00022149085998535156
0.00022482872009277344
0.0002276897430419922
0.0002269744873046875
0.0002300739288330078
0.0002262592315673828
0.0002205371856689453
0.00022554397583007813
0.00022363662719726563
0.00022220611572265625
0.00021958351135253906
0.00023245811462402344
0.00023221969604492188
0.0002200603485107422
0.00023865699768066406
0.00022363662719726563
0.00023126602172851563
0.00023865699768066406
0.00022792816162109375
0.00023317337036132813
0.0002269744873046875
0.00022649765014648438
0.0002288818359375
0.0002415180206298828
0.00022268295288085938
0.0002262592315673828
0.00025582313537597656
0.00022411346435546875
0.0002281665802001953
0.00022983551025390625
0.00022149085998535156
0.0002319812774658203
0.00024318695068359375
0.00023603439331054688
0.00022149085998535156
0.0002346038818359375
0.00024056434631347656
0.0002276897430419922
0.00022101402282714844
0.00022935867309570313
0.00022912025451660156
0.00021982192993164063
0.00022983551025390625
0.00023484230041503906
0.0002200603485107422
0.00022912025451660156
0.00024700164794921875
0.0002295970916748047
0.0002281665802001953
0.00022792816162109375
0.00024080276489257813
0.00023865699768066406
0.0002269744873046875
0.0002295970916748047
0.00022792816162109375
0.00024175643920898438
0.00024080276489257813
0.00022101402282714844
0.00023293495178222656
0.000225067138671875
0.00023436546325683594
0.0002315044403076172
0.00023484230041503906
0.0002269744873046875
0.00022411346435546875
0.00023794174194335938
0.00024318695068359375
0.00022840499877929688
0.00022554397583007813
0.0002353191375732422
0.00022721290588378906
0.00024247169494628906
0.00023627281188964844
0.00024890899658203125
0.00022292137145996094
0.00023221969604492188
0.0002334117889404297
0.00022912025451660156
0.00023412704467773438
0.0002570152282714844
0.00023174285888671875
0.0002300739288330078
0.00022792816162109375
0.0002276897430419922
0.00023627281188964844
0.00023865699768066406
0.0002288818359375
0.00024008750915527344
0.0002338886260986328
0.00023412704467773438
0.0002262592315673828
0.00022649765014648438
0.00023889541625976563
0.00023651123046875
0.00023031234741210938
0.00023937225341796875
0.00022554397583007813
0.00023055076599121094
0.0002238750457763672
0.00040841102600097656
0.00032138824462890625
0.00033020973205566406
0.00034308433532714844
0.0003387928009033203
0.00034546852111816406
0.0003323554992675781
0.00033926963806152344
0.0003457069396972656
0.0003440380096435547
0.0003514289855957031
0.0003399848937988281
0.0003314018249511719
0.0003218650817871094
0.00032639503479003906
0.00031948089599609375
0.00033092498779296875
0.0003418922424316406
0.0003330707550048828
0.0003306865692138672
0.0003247261047363281
0.000339508056640625
0.0003139972686767578
0.00031948089599609375
0.000339508056640625
0.0003361701965332031
0.00032973289489746094
0.0003228187561035156
0.000331878662109375
0.0003452301025390625
0.00035834312438964844
0.0002548694610595703
0.00023746490478515625
0.0002238750457763672
0.0002334117889404297
0.00023484230041503906
0.00023126602172851563
0.00023508071899414063
0.00023937225341796875
0.0002219676971435547
0.00024700164794921875
0.0002396106719970703
0.000232696533203125
0.00023627281188964844
0.00023412704467773438
0.0003159046173095703
0.00039005279541015625
0.0003287792205810547
0.0003142356872558594
0.0003237724304199219
0.0003228187561035156
0.0003178119659423828
0.0003323554992675781
0.000324249267578125
0.000335693359375
0.0003228187561035156
0.0003261566162109375
0.00033402442932128906
0.0003409385681152344
0.0003178119659423828
0.0003249645233154297
0.00032401084899902344
0.0003361701965332031
0.00032329559326171875
0.0003254413604736328
0.00033402442932128906
0.0003376007080078125
0.00032711029052734375
0.00036072731018066406
0.0003330707550048828
0.00032591819763183594
0.0003287792205810547
0.00032401084899902344
0.0003299713134765625
0.00033283233642578125
0.00041031837463378906
0.0003292560577392578
0.00039958953857421875
0.0003337860107421875
0.00033020973205566406
0.00032901763916015625
0.000324249267578125
0.00033354759216308594
0.0003859996795654297
0.0003383159637451172
0.0003273487091064453
0.0003337860107421875
0.0003418922424316406
0.0003349781036376953
0.0003895759582519531
0.0003371238708496094
0.0003447532653808594
0.00040435791015625
0.00041961669921875
0.00033402442932128906
0.00034689903259277344
0.00033736228942871094
0.00041222572326660156
0.0003349781036376953
0.0003514289855957031
0.0004253387451171875
0.0003676414489746094
0.00034546852111816406
0.0004715919494628906
0.00034308433532714844
0.00032782554626464844
0.0004017353057861328
0.0003523826599121094
0.0004000663757324219
0.0004100799560546875
0.000423431396484375
0.0003368854522705078
0.00042557716369628906
0.0003485679626464844
0.00033211708068847656
0.00034332275390625
0.0004200935363769531
0.0003409385681152344
0.00041747093200683594
0.00034809112548828125
0.00037288665771484375
0.00043773651123046875
0.00035262107849121094
0.0003688335418701172
0.0003376007080078125
0.0005743503570556641
0.0003192424774169922
0.00035500526428222656
0.000499725341796875
0.0005171298980712891
