0.0014317035675048828
0.0008482933044433594
0.0010132789611816406
0.0013055801391601563
0.0014183521270751953
0.002809762954711914
0.0016798973083496094
0.0018732547760009766
0.002101898193359375
0.002221345901489258
0.002317667007446289
0.0025010108947753906
0.002621889114379883
0.0028066635131835938
0.0029914379119873047
0.0046787261962890625
0.0033211708068847656
0.0034928321838378906
0.0036284923553466797
0.0038194656372070313
0.004003763198852539
0.004212141036987305
0.004294157028198242
0.004563808441162109
0.004605770111083984
0.00451970100402832
0.004793882369995117
0.005063295364379883
0.005115985870361328
0.0054509639739990234
0.0057027339935302734
0.005760908126831055
0.005641937255859375
0.005878448486328125
0.006088733673095703
0.006395101547241211
0.006599903106689453
0.006787538528442383
0.006901741027832031
0.007041454315185547
0.007123708724975586
0.007482767105102539
0.007547140121459961
0.00782322883605957
0.0078582763671875
0.007968425750732422
0.008388519287109375
0.00843501091003418
0.008208751678466797
0.008475780487060547
0.008269786834716797
0.008718252182006836
0.008833885192871094
0.009241819381713867
0.009450674057006836
0.009357690811157227
0.009456396102905273
0.009625673294067383
0.009947538375854492
0.009895563125610352
0.010123252868652344
0.010324239730834961
0.01031494140625
0.010930538177490234
0.01066136360168457
0.011351346969604492
0.012184619903564453
0.011175155639648438
0.011499881744384766
0.011280298233032227
0.011840343475341797
0.011591196060180664
0.012124776840209961
0.012397289276123047
0.012560844421386719
0.013090133666992188
0.012476444244384766
0.013033151626586914
0.013208627700805664
0.013117074966430664
0.013850927352905273
0.013363838195800781
0.013611555099487305
0.013787269592285156
0.013942956924438477
0.013797283172607422
0.01412653923034668
0.01446676254272461
0.01509857177734375
0.014908552169799805
0.01488351821899414
0.014828920364379883
0.015495777130126953
0.01623821258544922
0.015711545944213867
0.015551328659057617
0.015323638916015625
0.01577925682067871
0.015923738479614258
0.016080856323242188
0.016570091247558594
0.016204118728637695
0.016381502151489258
0.016553401947021484
0.016813039779663086
0.017000436782836914
0.017241477966308594
0.01683974266052246
0.017050981521606445
0.017406225204467773
0.017394542694091797
0.017452716827392578
0.01756000518798828
0.017686843872070313
0.017904996871948242
0.01823735237121582
0.018044233322143555
0.018227100372314453
0.01833629608154297
0.019055604934692383
0.018423080444335938
0.01875162124633789
0.01912999153137207
0.01891946792602539
0.019069433212280273
0.018723726272583008
0.019187211990356445
0.019477367401123047
0.019257307052612305
0.019692182540893555
0.019779443740844727
0.019682645797729492
0.019922256469726563
0.020042896270751953
0.02008962631225586
0.020636796951293945
0.020664691925048828
0.021979570388793945
0.021642684936523438
0.021279573440551758
0.021531343460083008
0.02227044105529785
0.0215761661529541
0.02198648452758789
0.02226710319519043
0.021905183792114258
0.022457122802734375
0.02234935760498047
0.02232503890991211
0.0224301815032959
0.022597789764404297
0.02272510528564453
0.023353099822998047
0.023721694946289063
0.023713111877441406
0.024291038513183594
0.023961305618286133
0.023894548416137695
0.024349689483642578
0.024109601974487305
0.024307727813720703
0.024361133575439453
0.024483203887939453
0.024622201919555664
0.024219751358032227
0.02442765235900879
0.02496933937072754
0.02500748634338379
0.02458953857421875
0.024717330932617188
0.02543473243713379
0.02598428726196289
0.025256633758544922
0.025400161743164063
0.02563190460205078
0.025834321975708008
0.025512218475341797
0.02594900131225586
0.02579021453857422
0.026072978973388672
0.02624034881591797
0.02701711654663086
0.026391267776489258
0.02721881866455078
0.027448415756225586
0.027092456817626953
0.027143239974975586
0.027771711349487305
0.02752232551574707
0.027820587158203125
0.02738499641418457
0.028220176696777344
0.027474641799926758
0.027820110321044922
0.02768707275390625
0.028567075729370117
0.028362512588500977
0.02860403060913086
0.028289318084716797
0.02865123748779297
0.02852010726928711
0.029009342193603516
0.029186248779296875
0.029584169387817383
0.030542612075805664
0.029682159423828125
0.030134916305541992
0.030048131942749023
0.029697895050048828
0.02976679801940918
0.029853105545043945
0.03010725975036621
0.030305862426757813
0.030574321746826172
0.031247615814208984
0.031126022338867188
0.031636953353881836
0.03147125244140625
0.0321500301361084
0.03218674659729004
0.03215360641479492
0.03183245658874512
0.032201528549194336
0.033674001693725586
0.03264212608337402
0.033046722412109375
0.03296542167663574
0.03212904930114746
0.03236579895019531
0.03302764892578125
0.03284049034118652
0.032784223556518555
0.032946109771728516
0.033037662506103516
0.03332185745239258
0.03284287452697754
0.033560991287231445
0.032488107681274414
0.03301429748535156
0.03335976600646973
0.03259468078613281
0.03345918655395508
0.03331589698791504
0.032962799072265625
0.033017873764038086
0.0331268310546875
0.03276777267456055
0.033039093017578125
0.03380298614501953
0.03361368179321289
0.03552675247192383
0.03407168388366699
0.034238338470458984
0.034224510192871094
0.034903764724731445
0.03564929962158203
0.035849809646606445
0.0347294807434082
0.034532785415649414
0.03435635566711426
0.03530120849609375
0.03523898124694824
0.03625059127807617
0.036136627197265625
0.03607344627380371
0.03618264198303223
0.035938262939453125
0.035660505294799805
0.035807132720947266
0.03588604927062988
0.03595590591430664
0.03609299659729004
0.035820722579956055
0.03603172302246094
0.036070823669433594
0.03652000427246094
0.036713361740112305
0.03625369071960449
0.036937713623046875
0.03609895706176758
0.03596162796020508
0.03642535209655762
0.037484169006347656
0.03742551803588867
0.03765225410461426
0.038010358810424805
0.037756919860839844
0.03885531425476074
0.03900957107543945
0.03856039047241211
0.03782320022583008
0.03844285011291504
0.03771638870239258
0.0379796028137207
0.038336992263793945
0.038099050521850586
0.038460493087768555
0.03856492042541504
0.03878474235534668
0.03889274597167969
0.03855466842651367
0.03902935981750488
0.03928685188293457
0.039653778076171875
0.03932905197143555
0.04128742218017578
0.040103912353515625
0.039201974868774414
0.03979015350341797
0.039839744567871094
0.043560028076171875
0.03988790512084961
0.03931450843811035
0.03940606117248535
0.03940773010253906
0.039745330810546875
0.03987932205200195
0.040421485900878906
0.04059171676635742
0.040847063064575195
0.04052376747131348
0.04085493087768555
0.03991389274597168
0.03992915153503418
0.04044294357299805
0.040479421615600586
0.040693044662475586
0.04069328308105469
0.0406336784362793
0.04079484939575195
0.04094576835632324
0.04069375991821289
0.04275107383728027
0.04259681701660156
0.04169106483459473
0.04216790199279785
0.041730642318725586
0.04234719276428223
0.0423283576965332
0.042455196380615234
0.042600393295288086
0.042582035064697266
0.04319310188293457
0.04392576217651367
0.04317140579223633
0.04262351989746094
0.043974876403808594
0.04359889030456543
0.04320383071899414
0.04327654838562012
0.04364323616027832
0.04369640350341797
0.0437779426574707
0.044060468673706055
0.04424571990966797
0.044001102447509766
0.044571876525878906
0.04434347152709961
0.04396629333496094
0.04493427276611328
0.044435739517211914
0.04488229751586914
0.04478335380554199
0.04429006576538086
0.04430365562438965
0.045934200286865234
0.04441952705383301
0.044527530670166016
0.04519796371459961
0.0453488826751709
0.04506564140319824
0.045201778411865234
0.04510617256164551
0.045548439025878906
0.04545021057128906
0.045300960540771484
0.04551410675048828
0.045784950256347656
0.04578375816345215
0.0460209846496582
0.046875715255737305
0.046601295471191406
0.04656577110290527
0.04640984535217285
0.046541690826416016
0.04647350311279297
0.0467071533203125
0.04795265197753906
0.04800105094909668
0.04806637763977051
0.04849672317504883
0.04793095588684082
0.047628164291381836
0.04828453063964844
0.04810500144958496
0.04767465591430664
0.047823190689086914
0.04808616638183594
0.049742698669433594
0.04790687561035156
0.04814887046813965
0.04814577102661133
0.048242807388305664
0.048451900482177734
0.048871517181396484
0.04937243461608887
0.04985952377319336
0.049532413482666016
0.050014495849609375
0.04850029945373535
0.04820752143859863
0.048799991607666016
0.04871630668640137
0.04924631118774414
0.04889535903930664
0.048841238021850586
0.04897332191467285
0.0493931770324707
0.049550533294677734
0.04933643341064453
0.04930925369262695
0.050023794174194336
0.049997806549072266
0.05200982093811035
0.05054187774658203
0.05064797401428223
0.050641775131225586
0.050752878189086914
0.05110979080200195
0.051346540451049805
0.05170774459838867
0.05197644233703613
0.05181264877319336
0.05152702331542969
0.051219940185546875
0.05130934715270996
0.05132460594177246
0.05128598213195801
0.05184745788574219
0.05165576934814453
0.051735877990722656
0.05189061164855957
0.05195975303649902
0.051988840103149414
0.05228877067565918
0.05344033241271973
0.053203582763671875
0.05306363105773926
0.05290579795837402
0.053258419036865234
0.05430936813354492
0.05480217933654785
0.055049896240234375
0.05632829666137695
0.05546927452087402
0.05530881881713867
0.05525922775268555
0.05619668960571289
0.05576205253601074
0.055280208587646484
0.055212974548339844
0.05551958084106445
0.05526375770568848
0.05615234375
0.05614447593688965
0.05505824089050293
0.05481600761413574
0.05478167533874512
0.05431485176086426
0.05487847328186035
0.05475449562072754
0.055718183517456055
0.05546116828918457
0.05566263198852539
0.05616307258605957
0.06128811836242676
0.0555572509765625
0.0557856559753418
0.055802345275878906
0.055977821350097656
0.056111812591552734
0.055841922760009766
0.05587935447692871
0.055993080139160156
0.0561215877532959
0.05614781379699707
0.05608963966369629
0.05759620666503906
0.05778932571411133
0.058190107345581055
0.05818676948547363
0.05818963050842285
0.05815696716308594
0.05843329429626465
0.05856204032897949
0.05824756622314453
0.0586392879486084
0.05823040008544922
0.06027054786682129
0.05997824668884277
