0.004781246185302734
0.0006148815155029297
0.0006933212280273438
0.0007812976837158203
0.0008740425109863281
0.0009808540344238281
0.0011186599731445313
0.0011477470397949219
0.0012669563293457031
0.0014319419860839844
0.001462697982788086
0.0015816688537597656
0.0016913414001464844
0.0018901824951171875
0.0019330978393554688
0.002033233642578125
0.002185344696044922
0.0023093223571777344
0.0023124217987060547
0.0023651123046875
0.0025937557220458984
0.002679109573364258
0.002788066864013672
0.0028612613677978516
0.0028982162475585938
0.0030231475830078125
0.0031595230102539063
0.0032482147216796875
0.003294229507446289
0.003368854522705078
0.0034554004669189453
0.003723621368408203
0.003671407699584961
0.0038933753967285156
0.003890514373779297
0.0038976669311523438
0.004207134246826172
0.004202365875244141
0.004266977310180664
0.004367828369140625
0.00456690788269043
0.004552602767944336
0.004675388336181641
0.004705667495727539
0.004851341247558594
0.004975318908691406
0.004993915557861328
0.005124568939208984
0.0053899288177490234
0.005316019058227539
0.00549006462097168
0.005716085433959961
0.005726814270019531
0.005666494369506836
0.0060577392578125
0.005923271179199219
0.006010532379150391
0.006340742111206055
0.006057024002075195
0.006314754486083984
0.006472349166870117
0.006677865982055664
0.0067408084869384766
0.006655454635620117
0.006778240203857422
0.00682520866394043
0.0071599483489990234
0.007025718688964844
0.0073549747467041016
0.00720667839050293
0.00711822509765625
0.00728297233581543
0.007554531097412109
0.0075531005859375
0.007698535919189453
0.007827997207641602
0.007720947265625
0.007933616638183594
0.008018970489501953
0.008162736892700195
0.008129358291625977
0.008269548416137695
0.008523702621459961
0.008635282516479492
0.008737802505493164
0.008623838424682617
0.008629322052001953
0.009143590927124023
0.009076833724975586
0.00924992561340332
0.009337425231933594
0.009466886520385742
0.009690523147583008
0.009465456008911133
0.009775161743164063
0.00980234146118164
0.010061025619506836
0.010019063949584961
0.010404109954833984
0.010442733764648438
0.01001739501953125
0.010687828063964844
0.010466337203979492
0.010978460311889648
0.010774374008178711
0.010894060134887695
0.010688304901123047
0.01130986213684082
0.011006355285644531
0.011190176010131836
0.011219024658203125
0.011082172393798828
0.011627912521362305
0.011815786361694336
0.011263847351074219
0.011559009552001953
0.012005090713500977
0.011987447738647461
0.011892557144165039
0.012038230895996094
0.01218271255493164
0.012096643447875977
0.01229548454284668
0.012065649032592773
0.01234889030456543
0.012125253677368164
0.012649774551391602
0.01276254653930664
0.012798070907592773
0.012411117553710938
0.012754201889038086
0.012781143188476563
0.013267040252685547
0.013416051864624023
0.013506889343261719
0.013318777084350586
0.013572931289672852
0.012965202331542969
0.013674736022949219
0.01370382308959961
0.014040231704711914
0.013959169387817383
0.01387929916381836
0.013692140579223633
0.014251947402954102
0.014362573623657227
0.014124155044555664
0.01411294937133789
0.014155387878417969
0.01424717903137207
0.015116691589355469
0.014851093292236328
0.014856100082397461
0.014350414276123047
0.014634132385253906
0.014762401580810547
0.01537322998046875
0.015509605407714844
0.015159368515014648
0.015529394149780273
0.015259265899658203
0.0153350830078125
0.015870094299316406
0.015310525894165039
0.016069889068603516
0.01599860191345215
0.015967130661010742
0.01593494415283203
0.016077280044555664
0.01621103286743164
0.01622152328491211
0.01651453971862793
0.0162808895111084
0.01631641387939453
0.016030073165893555
0.016184329986572266
0.016301870346069336
0.016093730926513672
0.016103744506835938
0.016973257064819336
0.016588926315307617
0.016742229461669922
0.016597509384155273
0.016367673873901367
0.01657700538635254
0.017839908599853516
0.017846345901489258
0.017981290817260742
0.017749547958374023
0.017247915267944336
0.017680644989013672
0.018793106079101563
0.01823115348815918
0.01851487159729004
0.01801586151123047
0.01822948455810547
0.018374919891357422
0.01845550537109375
0.01780843734741211
0.018109798431396484
0.018184661865234375
0.01844334602355957
0.018283843994140625
0.01845407485961914
0.01887345314025879
0.018837690353393555
0.019190073013305664
0.01851963996887207
0.018895864486694336
0.01882481575012207
0.018717050552368164
0.019054651260375977
0.019031047821044922
0.01944756507873535
0.02005934715270996
0.019361257553100586
0.019675493240356445
0.019208192825317383
0.01952219009399414
0.018885135650634766
0.01872849464416504
0.018467187881469727
0.018623828887939453
0.019176006317138672
0.01958322525024414
0.019156694412231445
0.019105911254882813
0.018985271453857422
0.018706321716308594
0.01911306381225586
0.02030634880065918
0.020379066467285156
0.019948244094848633
0.01957845687866211
0.019955158233642578
0.019738197326660156
0.02037835121154785
0.02037787437438965
0.02023768424987793
0.020511150360107422
0.02010822296142578
0.02075648307800293
0.021016836166381836
0.020865440368652344
0.021218538284301758
0.02084803581237793
0.020697355270385742
0.021331787109375
0.02112293243408203
0.020966768264770508
0.021149396896362305
0.02111196517944336
0.021435976028442383
0.021438121795654297
0.021189451217651367
0.02149033546447754
0.021309375762939453
0.021709918975830078
0.020768165588378906
0.021056175231933594
0.020577669143676758
0.02134227752685547
0.021840810775756836
0.021590232849121094
0.021406173706054688
0.021009206771850586
0.02082371711730957
0.021193981170654297
0.02083587646484375
0.02096724510192871
0.021312713623046875
0.021610498428344727
0.02166438102722168
0.021479368209838867
0.02160811424255371
0.022118330001831055
0.022164106369018555
0.022100448608398438
0.022481679916381836
0.021216869354248047
0.022688627243041992
0.02250194549560547
0.022223949432373047
0.02242875099182129
0.022422075271606445
0.022344589233398438
0.0233154296875
0.023351430892944336
0.02336740493774414
0.023487091064453125
0.023557662963867188
0.024414777755737305
0.02381587028503418
0.023938655853271484
0.023967981338500977
0.023467302322387695
0.02377629280090332
0.02408432960510254
0.024078845977783203
0.023288726806640625
0.02359604835510254
0.02404642105102539
0.023663997650146484
0.024502992630004883
0.02393341064453125
0.02415776252746582
0.024263620376586914
0.023628950119018555
0.02460622787475586
0.02373480796813965
0.023688316345214844
0.02350640296936035
0.02371501922607422
0.023450851440429688
0.024629592895507813
0.024033784866333008
0.0238192081451416
0.023554563522338867
0.023533105850219727
0.0245516300201416
0.024700403213500977
0.024501800537109375
0.024242877960205078
0.02444601058959961
0.025150775909423828
0.025796175003051758
0.02588367462158203
0.0257415771484375
0.026198387145996094
0.02629685401916504
0.025603294372558594
0.024565935134887695
0.025731325149536133
0.024995803833007813
0.02561497688293457
0.02569437026977539
0.025453805923461914
0.02562856674194336
0.024994373321533203
0.0251462459564209
0.02570033073425293
0.02562093734741211
0.02554917335510254
0.02549004554748535
0.026306867599487305
0.02535557746887207
0.025681734085083008
0.025246143341064453
0.02533698081970215
0.025548458099365234
0.0257418155670166
0.026572704315185547
0.02656388282775879
0.02627420425415039
0.026002168655395508
0.02508378028869629
0.025730371475219727
0.025908231735229492
0.025515317916870117
0.026002883911132813
0.02581310272216797
0.025873661041259766
0.026674270629882813
0.027650833129882813
0.02683711051940918
0.026701927185058594
0.02670598030090332
0.027190685272216797
0.026915311813354492
0.02812504768371582
0.030486583709716797
0.026497364044189453
0.027093887329101563
0.028126955032348633
0.027410268783569336
0.02761101722717285
0.028157711029052734
0.027055978775024414
0.028072118759155273
0.027429580688476563
0.026906251907348633
0.02675008773803711
0.026608943939208984
0.027319908142089844
0.0273897647857666
0.02661752700805664
0.027045249938964844
0.02778768539428711
0.026919841766357422
0.027289390563964844
0.02692413330078125
0.027233123779296875
0.027110815048217773
0.027320384979248047
0.026669979095458984
0.02739691734313965
0.02736067771911621
0.027736186981201172
0.02742481231689453
0.027787208557128906
0.028656721115112305
0.027794361114501953
0.028596162796020508
0.028199195861816406
0.02807927131652832
0.029094457626342773
0.028008460998535156
0.02878737449645996
0.028405189514160156
0.028836488723754883
0.02825641632080078
0.02884697914123535
0.029194355010986328
0.028570890426635742
0.02943897247314453
0.028919458389282227
0.029109954833984375
0.027420759201049805
0.027886390686035156
0.029030323028564453
0.028395414352416992
0.02771472930908203
0.028109073638916016
0.027994871139526367
0.028644561767578125
0.027895689010620117
0.028435707092285156
0.029741764068603516
0.027666568756103516
0.028282880783081055
0.027968883514404297
0.028011560440063477
0.027829647064208984
0.028911113739013672
0.029369592666625977
0.02918863296508789
0.028900861740112305
0.028861045837402344
0.0286409854888916
0.027918338775634766
0.029516935348510742
0.028110504150390625
0.029137372970581055
0.028693437576293945
0.02843022346496582
0.02948784828186035
0.029176712036132813
0.0293428897857666
0.028963088989257813
0.028677940368652344
0.029406070709228516
0.028873920440673828
0.029168367385864258
0.02878403663635254
0.028933286666870117
0.028937339782714844
0.02899026870727539
0.028327465057373047
0.02913975715637207
0.02864837646484375
0.03019857406616211
0.029626846313476563
0.02960348129272461
0.029980182647705078
0.03008747100830078
0.029492855072021484
0.031069278717041016
0.031186819076538086
0.03086566925048828
0.030759572982788086
0.030542373657226563
0.0306699275970459
0.03175997734069824
0.030228853225708008
0.030486345291137695
0.031711578369140625
0.030527830123901367
0.031195402145385742
0.031760454177856445
0.03155660629272461
0.03153514862060547
0.03159642219543457
0.031955718994140625
0.032148122787475586
0.03192639350891113
0.03225231170654297
0.03187417984008789
0.03229165077209473
0.032939910888671875
0.03248953819274902
0.03185462951660156
0.03246927261352539
0.032563209533691406
0.03312420845031738
0.03219294548034668
0.03284001350402832
0.03287696838378906
0.032466888427734375
0.03216719627380371
0.03343939781188965
