0.028697729110717773
0.0003523826599121094
0.00034499168395996094
0.00033783912658691406
0.00033092498779296875
0.00033974647521972656
0.00036716461181640625
0.0003437995910644531
0.0003464221954345703
0.0003445148468017578
0.0003399848937988281
0.00034308433532714844
0.0003540515899658203
0.00034332275390625
0.00035572052001953125
0.0003516674041748047
0.00034809112548828125
0.00035643577575683594
0.00034332275390625
0.00033545494079589844
0.00035381317138671875
0.0003552436828613281
0.0003418922424316406
0.0003552436828613281
0.000335693359375
0.0003445148468017578
0.0003521442413330078
0.0003490447998046875
0.0003478527069091797
0.0003523826599121094
0.0003662109375
0.0003516674041748047
0.0003337860107421875
0.00034308433532714844
0.0003352165222167969
0.0003521442413330078
0.00035381317138671875
0.00036025047302246094
0.00035190582275390625
0.00034427642822265625
0.0003440380096435547
0.00036334991455078125
0.0003414154052734375
0.00034880638122558594
0.00034165382385253906
0.0003349781036376953
0.00035071372985839844
0.00034117698669433594
0.00036406517028808594
0.00035119056701660156
0.00034880638122558594
0.0003390312194824219
0.0003495216369628906
0.0003452301025390625
0.00034618377685546875
0.0003426074981689453
0.0003504753112792969
0.00034809112548828125
0.0003502368927001953
0.0003426074981689453
0.00035691261291503906
0.00034236907958984375
0.0003457069396972656
0.00033783912658691406
0.0003504753112792969
0.00034356117248535156
0.0003383159637451172
0.00034499168395996094
0.0003445148468017578
0.0003743171691894531
0.00035858154296875
0.0003502368927001953
0.0003490447998046875
0.0003407001495361328
0.00033926963806152344
0.0003437995910644531
0.0003387928009033203
0.0003528594970703125
0.0003476142883300781
0.0003495216369628906
0.0003337860107421875
0.00033283233642578125
0.0003483295440673828
0.00033974647521972656
0.0003707408905029297
0.0003428459167480469
0.00034046173095703125
0.00035071372985839844
0.0003390312194824219
0.0003490447998046875
0.0003418922424316406
0.0003464221954345703
0.00034689903259277344
0.00034546852111816406
0.0003490447998046875
0.00034356117248535156
0.0003426074981689453
0.00034618377685546875
0.0003418922424316406
0.0003409385681152344
0.0003445148468017578
0.0003440380096435547
0.00034332275390625
0.0003497600555419922
0.00034618377685546875
0.00034928321838378906
0.0003421306610107422
0.00034809112548828125
0.00034928321838378906
0.0003330707550048828
0.0003387928009033203
0.00034928321838378906
0.0003414154052734375
0.0003485679626464844
0.0003421306610107422
0.00033402442932128906
0.0003361701965332031
0.0003437995910644531
0.00035071372985839844
0.0003409385681152344
0.0003459453582763672
0.00034928321838378906
0.0003407001495361328
0.0003273487091064453
0.0003466606140136719
0.00034737586975097656
0.0003445148468017578
0.0003535747528076172
0.00034427642822265625
0.0003426074981689453
0.0003447532653808594
0.00034046173095703125
0.0003650188446044922
0.0003407001495361328
0.000347137451171875
0.0003402233123779297
0.00033545494079589844
0.0003376007080078125
0.00034165382385253906
0.0003407001495361328
0.0003380775451660156
0.00033974647521972656
0.0003390312194824219
0.00034236907958984375
0.0003399848937988281
0.00035572052001953125
0.00034427642822265625
0.0003447532653808594
0.0003407001495361328
0.0003349781036376953
0.0003342628479003906
0.000339508056640625
0.00034332275390625
0.0003426074981689453
0.00034689903259277344
0.0003483295440673828
0.00034308433532714844
0.0003447532653808594
0.0003407001495361328
0.00034737586975097656
0.0003311634063720703
0.0003533363342285156
0.0003437995910644531
0.0003592967987060547
0.0003457069396972656
0.00034499168395996094
0.0003516674041748047
0.0003428459167480469
0.0003476142883300781
0.0003437995910644531
0.00032448768615722656
0.0003447532653808594
0.00035071372985839844
0.00035452842712402344
0.00035762786865234375
0.00035500526428222656
0.0003561973571777344
0.000347137451171875
0.0003528594970703125
0.00040721893310546875
0.00032830238342285156
0.0003542900085449219
0.0003485679626464844
0.00034546852111816406
0.0003464221954345703
0.0003490447998046875
0.00036144256591796875
0.00034165382385253906
0.00035452842712402344
0.00035071372985839844
0.00034618377685546875
0.00034427642822265625
0.0003445148468017578
0.00032639503479003906
0.0003445148468017578
0.00035500526428222656
0.0003502368927001953
0.0003409385681152344
0.00034499168395996094
0.00034618377685546875
0.0003573894500732422
0.00034117698669433594
0.0003399848937988281
0.00034308433532714844
0.0003552436828613281
0.00034046173095703125
0.00033211708068847656
0.00035452842712402344
0.00035452842712402344
0.0003399848937988281
0.00034117698669433594
0.0003457069396972656
0.00034880638122558594
0.0003447532653808594
0.0003447532653808594
0.00034809112548828125
0.00034356117248535156
0.00035262107849121094
0.0003342628479003906
0.0003361701965332031
0.00034689903259277344
0.00034427642822265625
0.0003399848937988281
0.00034618377685546875
0.0003504753112792969
0.0003387928009033203
0.00034689903259277344
0.0003466606140136719
0.0003342628479003906
0.0003497600555419922
0.00034308433532714844
0.00034546852111816406
0.00035071372985839844
0.00034427642822265625
0.00034117698669433594
0.0003342628479003906
0.0003409385681152344
0.0003459453582763672
0.0003457069396972656
0.00034880638122558594
0.00035881996154785156
0.000347137451171875
0.0003483295440673828
0.0003445148468017578
0.0003535747528076172
0.0003542900085449219
0.0003447532653808594
0.0003483295440673828
0.0003514289855957031
0.0003457069396972656
0.0003440380096435547
0.0003464221954345703
0.00033736228942871094
0.0003352165222167969
0.00033545494079589844
0.0003483295440673828
0.0003440380096435547
0.0003418922424316406
0.0003376007080078125
0.0003459453582763672
0.0003581047058105469
0.00034546852111816406
0.0003457069396972656
0.0003514289855957031
0.00034499168395996094
0.0003483295440673828
0.00036454200744628906
0.0003597736358642578
0.0003495216369628906
0.00034880638122558594
0.0003638267517089844
0.0003440380096435547
0.00033402442932128906
0.0003426074981689453
0.00035500526428222656
0.00034546852111816406
0.0003368854522705078
0.00034546852111816406
0.0003390312194824219
0.000339508056640625
0.00034499168395996094
0.0003559589385986328
0.00034618377685546875
0.0003476142883300781
0.00035381317138671875
0.0003445148468017578
0.0003552436828613281
0.00034308433532714844
0.00035953521728515625
0.00034737586975097656
0.00035381317138671875
0.0003478527069091797
0.0003447532653808594
0.00034809112548828125
0.0003387928009033203
0.0003452301025390625
0.0003600120544433594
0.00035500526428222656
0.0003387928009033203
0.0003490447998046875
0.0003459453582763672
0.0003323554992675781
0.000347137451171875
0.00034427642822265625
0.00034236907958984375
0.0003523826599121094
0.0003581047058105469
0.00034356117248535156
0.0003440380096435547
0.0003540515899658203
0.00034809112548828125
0.0003440380096435547
0.0003483295440673828
0.0003464221954345703
0.0003528594970703125
0.00034332275390625
0.0003523826599121094
0.0003428459167480469
0.0003428459167480469
0.0003495216369628906
0.00034880638122558594
0.0003428459167480469
0.0003528594970703125
0.0003440380096435547
0.00034618377685546875
0.0003387928009033203
0.0003535747528076172
0.0003516674041748047
0.0003426074981689453
0.0003452301025390625
0.0003590583801269531
0.0003478527069091797
0.0003361701965332031
0.0003542900085449219
0.0003323554992675781
0.00033354759216308594
0.0003457069396972656
0.0003478527069091797
0.0003402233123779297
0.00034737586975097656
0.0003447532653808594
0.00034427642822265625
0.0003447532653808594
0.0003437995910644531
0.0003440380096435547
0.0003509521484375
0.00035381317138671875
0.0003466606140136719
0.0003440380096435547
0.0003523826599121094
0.0003528594970703125
0.0003466606140136719
0.0003418922424316406
0.0003445148468017578
0.0003581047058105469
0.0003542900085449219
0.00034356117248535156
0.00035190582275390625
0.00034165382385253906
0.000354766845703125
0.0003552436828613281
0.00034427642822265625
0.00035190582275390625
0.0003514289855957031
0.00034928321838378906
0.0003516674041748047
0.00034236907958984375
0.0003490447998046875
0.0003509521484375
0.00035881996154785156
0.0003478527069091797
0.00035572052001953125
0.0003559589385986328
0.00035262107849121094
0.00035309791564941406
0.0003478527069091797
0.00034618377685546875
0.00035572052001953125
0.00037550926208496094
0.0003712177276611328
0.0003578662872314453
0.00034999847412109375
0.00034165382385253906
0.0003478527069091797
0.00034737586975097656
0.00035190582275390625
0.0003559589385986328
0.0003592967987060547
0.00037360191345214844
0.0003466606140136719
0.0003528594970703125
0.00034117698669433594
0.0003540515899658203
0.00036025047302246094
0.0003533363342285156
0.000354766845703125
0.0003752708435058594
0.0003509521484375
0.00035381317138671875
0.00037026405334472656
0.00035190582275390625
0.0003662109375
0.0003533363342285156
0.0003566741943359375
0.0003523826599121094
0.00035190582275390625
0.00034689903259277344
0.00034999847412109375
0.0003573894500732422
0.00034928321838378906
0.0003542900085449219
0.0003528594970703125
0.00034618377685546875
0.00034809112548828125
0.0003528594970703125
0.0003635883331298828
0.0003628730773925781
0.0003561973571777344
0.0003542900085449219
0.00035190582275390625
0.0003483295440673828
0.0003521442413330078
0.00034689903259277344
0.0003681182861328125
0.0003533363342285156
0.00035071372985839844
0.0003523826599121094
0.00035881996154785156
0.0003464221954345703
0.0003535747528076172
0.0003654956817626953
0.00034999847412109375
0.00035119056701660156
0.0003466606140136719
0.0003714561462402344
0.0003535747528076172
0.0003821849822998047
0.00034689903259277344
0.003348827362060547
0.0003693103790283203
0.0003466606140136719
0.00035572052001953125
0.0003502368927001953
0.0003528594970703125
0.0003578662872314453
0.0003559589385986328
0.00035119056701660156
0.0003514289855957031
0.00035452842712402344
0.0003554821014404297
0.0003521442413330078
0.0003533363342285156
0.0003807544708251953
0.0003669261932373047
0.0003764629364013672
0.00036215782165527344
0.00035953521728515625
0.0003535747528076172
0.0003590583801269531
0.0003485679626464844
0.00036144256591796875
0.0003592967987060547
0.0003497600555419922
0.0003597736358642578
0.00035834312438964844
0.0003466606140136719
0.00035691261291503906
0.0003540515899658203
0.00034999847412109375
0.0003521442413330078
0.00037026405334472656
0.00036215782165527344
0.0003578662872314453
0.00035190582275390625
0.0003597736358642578
0.0003604888916015625
0.0003559589385986328
0.0003571510314941406
0.00036525726318359375
0.000347137451171875
0.00036597251892089844
0.0003612041473388672
0.00035834312438964844
0.0003426074981689453
0.0003552436828613281
0.000347137451171875
0.00036454200744628906
0.0003504753112792969
0.0003554821014404297
0.00035762786865234375
0.0003669261932373047
0.0003592967987060547
0.00035643577575683594
0.0003769397735595703
0.0003554821014404297
0.0003600120544433594
0.0003528594970703125
0.000370025634765625
0.0003635883331298828
0.000347137451171875
