0.0031790733337402344
0.0007946491241455078
0.0009250640869140625
0.0010459423065185547
0.0011811256408691406
0.0012960433959960938
0.001466512680053711
0.0015859603881835938
0.0017237663269042969
0.0018680095672607422
0.0019922256469726563
0.0021104812622070313
0.0022611618041992188
0.0024192333221435547
0.0029578208923339844
0.0026788711547851563
0.0027625560760498047
0.002987384796142578
0.003067493438720703
0.003229379653930664
0.0033397674560546875
0.003466367721557617
0.00365447998046875
0.0037512779235839844
0.003932952880859375
0.0040814876556396484
0.004155158996582031
0.0042705535888671875
0.004477262496948242
0.00448155403137207
0.004792690277099609
0.004881620407104492
0.006077289581298828
0.004996061325073242
0.0053539276123046875
0.005468606948852539
0.00551915168762207
0.005754709243774414
0.005956411361694336
0.0058710575103759766
0.005916595458984375
0.006354570388793945
0.00622868537902832
0.006403684616088867
0.006632089614868164
0.006549358367919922
0.006808757781982422
0.006923198699951172
0.007178544998168945
0.007338762283325195
0.007244586944580078
0.007576942443847656
0.007510185241699219
0.007753133773803711
0.007834434509277344
0.007963895797729492
0.008018016815185547
0.008637428283691406
0.008393526077270508
0.00849604606628418
0.008849859237670898
0.00877523422241211
0.008765220642089844
0.009172201156616211
0.009031295776367188
0.009237289428710938
0.009712696075439453
0.009460687637329102
0.00952911376953125
0.009936094284057617
0.009885072708129883
0.00986933708190918
0.010253667831420898
0.010313749313354492
0.010587692260742188
0.010602951049804688
0.010509490966796875
0.011073112487792969
0.010890007019042969
0.010843276977539063
0.011362552642822266
0.011432409286499023
0.011288166046142578
0.011682987213134766
0.011776447296142578
0.011609077453613281
0.012110710144042969
0.012098312377929688
0.012020111083984375
0.012524604797363281
0.012580394744873047
0.012459993362426758
0.012769460678100586
0.012859821319580078
0.012744665145874023
0.013091087341308594
0.013202905654907227
0.013371944427490234
0.013430595397949219
0.013553142547607422
0.013614177703857422
0.013864278793334961
0.013884305953979492
0.014526128768920898
0.014230966567993164
0.014373064041137695
0.014955282211303711
0.01478266716003418
0.014537334442138672
0.01522517204284668
0.015143871307373047
0.014972209930419922
0.015610933303833008
0.015376091003417969
0.015400886535644531
0.01586151123046875
0.015649080276489258
0.01594710350036621
0.016324281692504883
0.016119003295898438
0.01622295379638672
0.016376256942749023
0.016466617584228516
0.01660299301147461
0.016598939895629883
0.016793489456176758
0.017197132110595703
0.017152786254882813
0.017019271850585938
0.01743769645690918
0.017756938934326172
0.01752614974975586
0.01771068572998047
0.017830610275268555
0.018175363540649414
0.0181429386138916
0.018239736557006836
0.018340349197387695
0.018542766571044922
0.01851058006286621
0.018657445907592773
0.018793344497680664
0.018715858459472656
0.019027233123779297
0.01893329620361328
0.019085168838500977
0.019207239151000977
0.01961350440979004
0.01925492286682129
0.019400358200073242
0.01947641372680664
0.019567012786865234
0.01999807357788086
0.019969701766967773
0.0198516845703125
0.02005934715270996
0.02020883560180664
0.02040719985961914
0.020468473434448242
0.020159482955932617
0.02028489112854004
0.020875930786132813
0.02060389518737793
0.02089238166809082
0.02113652229309082
0.02116680145263672
0.02174234390258789
0.021630287170410156
0.02150416374206543
0.021533489227294922
0.021863937377929688
0.021677255630493164
0.02174687385559082
0.02249455451965332
0.022292613983154297
0.022291898727416992
0.022424697875976563
0.02237391471862793
0.022539615631103516
0.022951602935791016
0.022948741912841797
0.022816896438598633
0.026320695877075195
0.02289271354675293
0.02338719367980957
0.02341628074645996
0.02306056022644043
0.02373528480529785
0.023467063903808594
0.02381157875061035
0.023893117904663086
0.02395319938659668
0.02383899688720703
0.02444744110107422
0.024423837661743164
0.024181127548217773
0.024532794952392578
0.024532079696655273
0.024712800979614258
0.02486109733581543
0.024740219116210938
0.02484416961669922
0.02517223358154297
0.025360584259033203
0.02598118782043457
0.02563333511352539
0.02569437026977539
0.025548219680786133
0.02581310272216797
0.0261690616607666
0.025808334350585938
0.02578902244567871
0.02601313591003418
0.026296615600585938
0.026172161102294922
0.025983572006225586
0.026523113250732422
0.026486873626708984
0.026545047760009766
0.02649235725402832
0.026541709899902344
0.02629685401916504
0.026733875274658203
0.026862382888793945
0.02685713768005371
0.02749037742614746
0.027113676071166992
0.027045011520385742
0.02750110626220703
0.02744293212890625
0.02807760238647461
0.028203725814819336
0.02827000617980957
0.028519868850708008
0.028694868087768555
0.028619766235351563
0.028071880340576172
0.028504133224487305
0.02836918830871582
0.028563499450683594
0.028632640838623047
0.02852344512939453
0.028758525848388672
0.028812646865844727
0.028660058975219727
0.02877211570739746
0.02893829345703125
0.028944015502929688
0.029608964920043945
0.029305219650268555
0.029087543487548828
0.02992391586303711
0.030068159103393555
0.030086278915405273
0.031073331832885742
0.03092050552368164
0.03066539764404297
0.030985116958618164
0.031054258346557617
0.030416011810302734
0.030614852905273438
0.03085494041442871
0.03026413917541504
0.031071901321411133
0.030861616134643555
0.030696630477905273
0.030799388885498047
0.031023740768432617
0.031155824661254883
0.031217575073242188
0.031240224838256836
0.03115224838256836
0.03149080276489258
0.031018733978271484
0.031166553497314453
0.031244993209838867
0.03116774559020996
0.0313718318939209
0.03140139579772949
0.031633615493774414
0.03194284439086914
0.03176474571228027
0.03203630447387695
0.03184628486633301
0.032079219818115234
0.03264141082763672
0.03237128257751465
0.032274484634399414
0.03222370147705078
0.03220558166503906
0.032335519790649414
0.03238320350646973
0.03239130973815918
0.03280067443847656
0.033266544342041016
0.03306174278259277
0.03295588493347168
0.032753705978393555
0.0328822135925293
0.03297090530395508
0.0330348014831543
0.0330660343170166
0.033200740814208984
0.03296661376953125
0.03311562538146973
0.0332942008972168
0.033577919006347656
0.03388237953186035
0.03395676612854004
0.03453993797302246
0.03386998176574707
0.0339663028717041
0.034009456634521484
0.034189462661743164
0.034531354904174805
0.03436589241027832
0.03414750099182129
0.03415083885192871
0.03421735763549805
0.03417038917541504
0.034041643142700195
0.03433108329772949
0.03488516807556152
0.03502917289733887
0.035332441329956055
0.03511643409729004
0.03484511375427246
0.035926103591918945
0.03574705123901367
0.035529136657714844
0.03555464744567871
0.035540103912353516
0.035581350326538086
0.03689980506896973
0.036246299743652344
0.0363314151763916
0.0363306999206543
0.036453962326049805
0.03622579574584961
0.03724837303161621
0.03680753707885742
0.03659963607788086
0.03645443916320801
0.036724090576171875
0.03739428520202637
0.03718066215515137
0.03714299201965332
0.03741025924682617
0.03720426559448242
0.0372006893157959
0.03875112533569336
0.03864741325378418
0.03878307342529297
0.038526296615600586
0.03838205337524414
0.038307905197143555
0.03830099105834961
0.03858447074890137
0.03858017921447754
0.03880786895751953
0.038722991943359375
0.038271188735961914
0.0388643741607666
0.03959321975708008
0.03965020179748535
0.04405641555786133
0.03966259956359863
0.03919363021850586
0.03970742225646973
0.03995847702026367
0.040137290954589844
0.040219783782958984
0.03960084915161133
0.039464712142944336
0.03986763954162598
0.03975701332092285
0.04019021987915039
0.04009389877319336
0.03983259201049805
0.0398409366607666
0.040108680725097656
0.04013252258300781
0.040158748626708984
0.04099607467651367
0.04050469398498535
0.04056882858276367
0.040692806243896484
0.04075026512145996
0.04059648513793945
0.04138350486755371
0.041478872299194336
0.04155421257019043
0.04205012321472168
0.04181694984436035
0.042302608489990234
0.042127132415771484
0.04209470748901367
0.042185306549072266
0.04257822036743164
0.0424799919128418
0.043149709701538086
0.04328632354736328
0.04312586784362793
0.04314136505126953
0.043105125427246094
0.04335784912109375
0.04308152198791504
0.04321765899658203
0.04347944259643555
0.04353666305541992
0.043335914611816406
0.04335808753967285
0.04324173927307129
0.04356980323791504
0.043901681900024414
0.043912649154663086
0.04392838478088379
0.043944597244262695
0.043878793716430664
0.044019222259521484
0.04395699501037598
0.0438082218170166
0.044669151306152344
0.044805288314819336
0.04484152793884277
0.04486203193664551
0.044606685638427734
0.044768571853637695
0.04500317573547363
0.045264482498168945
0.0453794002532959
0.04535484313964844
0.04528927803039551
0.045597076416015625
0.04555392265319824
0.04565739631652832
0.04550623893737793
0.04608345031738281
0.04575395584106445
0.04524493217468262
0.04578399658203125
0.04593372344970703
0.046056509017944336
0.04698014259338379
0.046304941177368164
0.046449899673461914
0.046448707580566406
0.046814680099487305
0.046726226806640625
0.046451568603515625
0.04624652862548828
0.04601311683654785
0.0460512638092041
0.04618382453918457
0.04605388641357422
0.04617595672607422
0.04687023162841797
0.04650425910949707
0.04646706581115723
0.046570777893066406
0.04649066925048828
0.047597408294677734
0.047519683837890625
0.04742002487182617
0.047586917877197266
0.04776287078857422
0.04751014709472656
0.04783058166503906
0.048049211502075195
0.04817962646484375
0.04821181297302246
0.04860877990722656
0.0487213134765625
0.04867053031921387
0.04854106903076172
0.048781394958496094
0.049162864685058594
0.04899191856384277
0.04909014701843262
0.04921889305114746
0.04910588264465332
0.04932713508605957
0.04921674728393555
0.05025172233581543
0.05049920082092285
0.0503535270690918
0.05022597312927246
0.050508737564086914
0.049927711486816406
0.05006122589111328
0.050034284591674805
0.05031442642211914
0.05009913444519043
0.05007505416870117
0.0513608455657959
0.051789045333862305
0.05127549171447754
0.051215410232543945
0.0513615608215332
0.050833702087402344
