0.003751993179321289
0.00047278404235839844
0.0005650520324707031
0.0006072521209716797
0.0007083415985107422
0.0007824897766113281
0.0008075237274169922
0.0009016990661621094
0.0009846687316894531
0.0010459423065185547
0.0010962486267089844
0.0012438297271728516
0.0013203620910644531
0.0013697147369384766
0.0014584064483642578
0.0015170574188232422
0.0016226768493652344
0.0017344951629638672
0.0018012523651123047
0.0019397735595703125
0.001912832260131836
0.0020186901092529297
0.0020418167114257813
0.0020492076873779297
0.002173185348510742
0.002335786819458008
0.00237274169921875
0.002413511276245117
0.0024361610412597656
0.0026273727416992188
0.0025191307067871094
0.002791881561279297
0.002790212631225586
0.002856731414794922
0.002917051315307617
0.002944469451904297
0.003001689910888672
0.0030667781829833984
0.0032079219818115234
0.003237485885620117
0.0033135414123535156
0.0033245086669921875
0.0033431053161621094
0.0034546852111816406
0.003537893295288086
0.0036797523498535156
0.0037920475006103516
0.0037162303924560547
0.003704071044921875
0.0038564205169677734
0.0040018558502197266
0.0038852691650390625
0.00403285026550293
0.004084110260009766
0.004163503646850586
0.0042684078216552734
0.0042264461517333984
0.0043451786041259766
0.004399776458740234
0.0045013427734375
0.004500389099121094
0.004689693450927734
0.004724979400634766
0.004782915115356445
0.004759550094604492
0.004801034927368164
0.004839181900024414
0.004940032958984375
0.005030632019042969
0.0052013397216796875
0.0050811767578125
0.005210399627685547
0.005223751068115234
0.005188465118408203
0.005456447601318359
0.005451202392578125
0.005503177642822266
0.005346536636352539
0.005519390106201172
0.005841970443725586
0.005699634552001953
0.005793094635009766
0.005900382995605469
0.005868673324584961
0.005929708480834961
0.00611114501953125
0.00614476203918457
0.006260871887207031
0.006258726119995117
0.006448268890380859
0.006240367889404297
0.0064525604248046875
0.00651860237121582
0.0064013004302978516
0.0065915584564208984
0.006625652313232422
0.006791591644287109
0.0067119598388671875
0.006800651550292969
0.007006168365478516
0.0070953369140625
0.007066249847412109
0.007057905197143555
0.0070993900299072266
0.00732111930847168
0.007433652877807617
0.007428884506225586
0.007264137268066406
0.00728607177734375
0.007588386535644531
0.007468223571777344
0.0077402591705322266
0.007561683654785156
0.00765681266784668
0.007702350616455078
0.007799863815307617
0.007951736450195313
0.007660627365112305
0.007800579071044922
0.007971763610839844
0.008141517639160156
0.008087396621704102
0.008139371871948242
0.008105278015136719
0.008125543594360352
0.008401155471801758
0.008469343185424805
0.008480310440063477
0.008442163467407227
0.008187055587768555
0.008533716201782227
0.008773565292358398
0.008597612380981445
0.008580684661865234
0.008656978607177734
0.008769750595092773
0.009078264236450195
0.009050607681274414
0.008879423141479492
0.009263277053833008
0.009127140045166016
0.009071588516235352
0.009310007095336914
0.009216070175170898
0.009360551834106445
0.009170770645141602
0.009348630905151367
0.00958871841430664
0.009175539016723633
0.009543895721435547
0.010445833206176758
0.009707212448120117
0.00960993766784668
0.009804010391235352
0.009955167770385742
0.009679555892944336
0.00991511344909668
0.009746789932250977
0.010192394256591797
0.010135889053344727
0.010107040405273438
0.010076522827148438
0.010342836380004883
0.010271549224853516
0.010410785675048828
0.010351896286010742
0.010577917098999023
0.010724544525146484
0.010965824127197266
0.010829687118530273
0.010585308074951172
0.010895729064941406
0.01072072982788086
0.01078033447265625
0.010950326919555664
0.010579347610473633
0.010834455490112305
0.010744810104370117
0.011059999465942383
0.01085042953491211
0.011223316192626953
0.01091313362121582
0.011065244674682617
0.011110544204711914
0.011131048202514648
0.01119852066040039
0.011428356170654297
0.01141500473022461
0.011100053787231445
0.01133418083190918
0.011373758316040039
0.01134490966796875
0.01171875
0.01151418685913086
0.011456966400146484
0.01166224479675293
0.011639118194580078
0.011650562286376953
0.011616706848144531
0.011676311492919922
0.011800289154052734
0.012043952941894531
0.011899232864379883
0.01194143295288086
0.01197671890258789
0.01189112663269043
0.012217283248901367
0.011928081512451172
0.011676549911499023
0.012421607971191406
0.012263059616088867
0.012058019638061523
0.011955738067626953
0.01212167739868164
0.012166261672973633
0.012330293655395508
0.012265205383300781
0.012628316879272461
0.012758731842041016
0.012694358825683594
0.012842178344726563
0.012646198272705078
0.01287078857421875
0.012899637222290039
0.012905120849609375
0.012493371963500977
0.012449264526367188
0.012392759323120117
0.012451887130737305
0.012548685073852539
0.01242375373840332
0.012696504592895508
0.012911319732666016
0.013008832931518555
0.013188362121582031
0.012943029403686523
0.013013839721679688
0.012957334518432617
0.013002395629882813
0.012777328491210938
0.013464689254760742
0.013471603393554688
0.013434171676635742
0.013234853744506836
0.013445615768432617
0.013503789901733398
0.013411521911621094
0.013768196105957031
0.013878822326660156
0.013832330703735352
0.013690948486328125
0.013738155364990234
0.013588905334472656
0.013486146926879883
0.013525724411010742
0.013702392578125
0.01341104507446289
0.013576507568359375
0.013633012771606445
0.01374053955078125
0.013717174530029297
0.01368260383605957
0.013486623764038086
0.01420450210571289
0.014010429382324219
0.014232397079467773
0.014029502868652344
0.013932466506958008
0.013871908187866211
0.014183521270751953
0.014292478561401367
0.014314413070678711
0.014317750930786133
0.014374971389770508
0.01421213150024414
0.014348506927490234
0.014544010162353516
0.014157772064208984
0.014065980911254883
0.014030694961547852
0.014585018157958984
0.01439809799194336
0.014136552810668945
0.014288663864135742
0.01383352279663086
0.014147758483886719
0.014372825622558594
0.014174938201904297
0.014331340789794922
0.0142822265625
0.014316797256469727
0.014190196990966797
0.014427423477172852
0.014566183090209961
0.014635324478149414
0.014498472213745117
0.01448822021484375
0.014394760131835938
0.014484643936157227
0.014635324478149414
0.015030622482299805
0.014961481094360352
0.015224456787109375
0.015282392501831055
0.014966726303100586
0.015135765075683594
0.01507425308227539
0.01527547836303711
0.015088558197021484
0.015147686004638672
0.015150785446166992
0.015271663665771484
0.015089035034179688
0.015349626541137695
0.015591859817504883
0.015496015548706055
0.015659809112548828
0.015249967575073242
0.015456199645996094
0.015494585037231445
0.015259027481079102
0.015286684036254883
0.015258312225341797
0.015432357788085938
0.01542520523071289
0.015355587005615234
0.01577591896057129
0.015227317810058594
0.015411138534545898
0.015463829040527344
0.015379667282104492
0.015429019927978516
0.01596665382385254
0.01589488983154297
0.015499114990234375
0.015615701675415039
0.015630722045898438
0.015500545501708984
0.01560354232788086
0.015572547912597656
0.016271352767944336
0.015979766845703125
0.01582050323486328
0.015760421752929688
0.015472412109375
0.015566349029541016
0.0155487060546875
0.015717029571533203
0.015823841094970703
0.015413761138916016
0.015762805938720703
0.016115427017211914
0.015992403030395508
0.016364097595214844
0.016494035720825195
0.01578521728515625
0.015909433364868164
0.016188383102416992
0.015965700149536133
0.016262054443359375
0.01602768898010254
0.015835285186767578
0.015923738479614258
0.0163576602935791
0.015624523162841797
0.01619434356689453
0.0160067081451416
0.01631641387939453
0.0167086124420166
0.015934228897094727
0.016231298446655273
0.016376018524169922
0.01656961441040039
0.015900135040283203
0.016396284103393555
0.016133785247802734
0.016279935836791992
0.016811132431030273
0.017214298248291016
0.016627073287963867
0.016852617263793945
0.016962528228759766
0.016797542572021484
0.01661372184753418
0.016668081283569336
0.016963720321655273
0.016615867614746094
0.016388416290283203
0.01680779457092285
0.01717543601989746
0.017528772354125977
0.017000198364257813
0.017826318740844727
0.017537593841552734
0.01706695556640625
0.017456769943237305
0.017685413360595703
0.01746058464050293
0.01725459098815918
0.017505884170532227
0.01724863052368164
0.01774907112121582
0.017729997634887695
0.01754903793334961
0.017817020416259766
0.017777681350708008
0.017248153686523438
0.017002105712890625
0.017323732376098633
0.017163515090942383
0.01778578758239746
0.017448902130126953
0.017462491989135742
0.0176241397857666
0.018481731414794922
0.01835155487060547
0.018430233001708984
0.018587589263916016
0.018269062042236328
0.01849961280822754
0.017583847045898438
0.018298625946044922
0.018529415130615234
0.018413543701171875
0.01810622215270996
0.01804041862487793
0.018408536911010742
0.018232345581054688
0.018471956253051758
0.01831650733947754
0.018468141555786133
0.01842498779296875
0.01768803596496582
0.018157482147216797
0.01815009117126465
0.01745152473449707
0.01822376251220703
0.019315242767333984
0.018956422805786133
0.01927638053894043
0.019031047821044922
0.019281864166259766
0.018680572509765625
0.01843547821044922
0.018826007843017578
0.018802404403686523
0.019608020782470703
0.018707752227783203
0.01772785186767578
0.018208026885986328
0.017957210540771484
0.017940759658813477
0.01830887794494629
0.01811981201171875
0.018549680709838867
0.018342018127441406
0.018162250518798828
0.01906871795654297
0.018425703048706055
0.018567800521850586
0.018343210220336914
0.018184661865234375
0.017812013626098633
0.017817020416259766
0.018043041229248047
0.018158435821533203
0.018390178680419922
0.01830315589904785
0.018368005752563477
0.01939535140991211
0.019526958465576172
0.019278764724731445
0.019382476806640625
0.019388914108276367
0.019404888153076172
0.01915144920349121
0.01916050910949707
0.019370079040527344
0.019487857818603516
0.018532276153564453
0.018910646438598633
0.019097328186035156
0.019231319427490234
0.01948094367980957
0.01890420913696289
0.0195157527923584
0.018912553787231445
0.019327878952026367
0.019409894943237305
0.018946409225463867
0.019150257110595703
0.01932501792907715
0.019367456436157227
0.019185543060302734
0.019288063049316406
0.018938302993774414
0.019192934036254883
0.019063949584960938
0.018933534622192383
0.01912665367126465
