0.0009884834289550781
0.000247955322265625
0.0002474784851074219
0.0002377033233642578
0.00023508071899414063
0.00025081634521484375
0.0002503395080566406
0.0002372264862060547
0.0002422332763671875
0.00024628639221191406
0.000244140625
0.00024056434631347656
0.0002446174621582031
0.0002541542053222656
0.0002410411834716797
0.00024580955505371094
0.0002484321594238281
0.0002415180206298828
0.00023865699768066406
0.00023603439331054688
0.0002460479736328125
0.00024628639221191406
0.00024390220642089844
0.00025081634521484375
0.00023889541625976563
0.00024175643920898438
0.00024628639221191406
0.0002446174621582031
0.0002503395080566406
0.000244140625
0.00024962425231933594
0.0002446174621582031
0.0002467632293701172
0.0002505779266357422
0.00023174285888671875
0.0002434253692626953
0.00024271011352539063
0.00025272369384765625
0.0002422332763671875
0.0002493858337402344
0.0002541542053222656
0.00024580955505371094
0.00023674964904785156
0.00024366378784179688
0.00023889541625976563
0.000240325927734375
0.00023889541625976563
0.0002524852752685547
0.0002551078796386719
0.00023674964904785156
0.00024509429931640625
0.0002491474151611328
0.00024437904357910156
0.0002574920654296875
0.0002429485321044922
0.00024700164794921875
0.0002465248107910156
0.0002522468566894531
0.0002484321594238281
0.00024628639221191406
0.0002486705780029297
0.0002446174621582031
0.00024962425231933594
0.00023818016052246094
0.0002448558807373047
0.00025200843811035156
0.00025200843811035156
0.0002491474151611328
0.0002396106719970703
0.0002467632293701172
0.0002465248107910156
0.00024509429931640625
0.00024580955505371094
0.0002455711364746094
0.0002391338348388672
0.000247955322265625
0.00024318695068359375
0.00024437904357910156
0.0002474784851074219
0.000247955322265625
0.00023674964904785156
0.00023818016052246094
0.0002465248107910156
0.00024056434631347656
0.00024056434631347656
0.0002543926239013672
0.0002493858337402344
0.00025153160095214844
0.00024700164794921875
0.00023555755615234375
0.0002503395080566406
0.0002570152282714844
0.0002453327178955078
0.0002448558807373047
0.0002598762512207031
0.00023818016052246094
0.0002448558807373047
0.00025200843811035156
0.0002491474151611328
0.0002448558807373047
0.0002505779266357422
0.0002446174621582031
0.00025343894958496094
0.00025272369384765625
0.0002422332763671875
0.000244140625
0.0002460479736328125
0.0002510547637939453
0.00024890899658203125
0.00023937225341796875
0.00024509429931640625
0.00024819374084472656
0.00025081634521484375
0.00025582313537597656
0.00024890899658203125
0.000247955322265625
0.00023937225341796875
0.00024509429931640625
0.0002503395080566406
0.0002453327178955078
0.00024080276489257813
0.00024700164794921875
0.0002446174621582031
0.00023484230041503906
0.0002410411834716797
0.0002446174621582031
0.0002536773681640625
0.00025153160095214844
0.0002448558807373047
0.0002486705780029297
0.00024366378784179688
0.0002548694610595703
0.00024175643920898438
0.0002491474151611328
0.00024771690368652344
0.000247955322265625
0.0002605915069580078
0.0002484321594238281
0.0002512931823730469
0.00024628639221191406
0.00023698806762695313
0.00025010108947753906
0.00024247169494628906
0.0002474784851074219
0.00024700164794921875
0.0002503395080566406
0.00025081634521484375
0.0002467632293701172
0.000263214111328125
0.00024700164794921875
0.0002338886260986328
0.0002472400665283203
0.0002448558807373047
0.00024628639221191406
0.0002491474151611328
0.0002503395080566406
0.00024580955505371094
0.0002446174621582031
0.00024318695068359375
0.0002484321594238281
0.00024080276489257813
0.0002453327178955078
0.0002472400665283203
0.00025177001953125
0.0002415180206298828
0.0002522468566894531
0.00024819374084472656
0.000247955322265625
0.0002493858337402344
0.0002472400665283203
0.00023508071899414063
0.0002453327178955078
0.00025010108947753906
0.00025773048400878906
0.0002467632293701172
0.00024890899658203125
0.0002465248107910156
0.00024628639221191406
0.00024700164794921875
0.0002467632293701172
0.00023698806762695313
0.0002472400665283203
0.0002491474151611328
0.00026106834411621094
0.000240325927734375
0.00024390220642089844
0.00025153160095214844
0.00025582313537597656
0.00024628639221191406
0.00025177001953125
0.0002474784851074219
0.00025391578674316406
0.0002410411834716797
0.00023674964904785156
0.0002434253692626953
0.0002491474151611328
0.0002465248107910156
0.000255584716796875
0.0002453327178955078
0.00023889541625976563
0.0002570152282714844
0.0002446174621582031
0.0002512931823730469
0.0002510547637939453
0.0002491474151611328
0.000244140625
0.00024127960205078125
0.0002460479736328125
0.00024580955505371094
0.000247955322265625
0.0002455711364746094
0.0002503395080566406
0.0002536773681640625
0.00023865699768066406
0.0002422332763671875
0.0002663135528564453
0.00024962425231933594
0.0002510547637939453
0.0002446174621582031
0.00024366378784179688
0.00024437904357910156
0.0002532005310058594
0.00022268295288085938
0.00024628639221191406
0.00024890899658203125
0.0002512931823730469
0.0002465248107910156
0.0002532005310058594
0.0002410411834716797
0.0002493858337402344
0.00025177001953125
0.0002503395080566406
0.00025081634521484375
0.0002536773681640625
0.0002472400665283203
0.000247955322265625
0.00025582313537597656
0.0002503395080566406
0.0002460479736328125
0.00025010108947753906
0.0002498626708984375
0.00024890899658203125
0.00025200843811035156
0.00023674964904785156
0.00025177001953125
0.0002512931823730469
0.0002396106719970703
0.00024890899658203125
0.0002429485321044922
0.0002434253692626953
0.0002512931823730469
0.0002491474151611328
0.0002491474151611328
0.00024509429931640625
0.0002484321594238281
0.0002522468566894531
0.0002512931823730469
0.00025153160095214844
0.0002460479736328125
0.0002396106719970703
0.00025200843811035156
0.000244140625
0.000255584716796875
0.0002493858337402344
0.00025343894958496094
0.00024628639221191406
0.0002448558807373047
0.0002532005310058594
0.0002467632293701172
0.00025177001953125
0.0002512931823730469
0.00025582313537597656
0.00024819374084472656
0.0002357959747314453
0.0002551078796386719
0.00024271011352539063
0.00023818016052246094
0.0002541542053222656
0.00022220611572265625
0.0002505779266357422
0.00026106834411621094
0.0002532005310058594
0.0002548694610595703
0.000247955322265625
0.0002529621124267578
0.00024199485778808594
0.0002503395080566406
0.0002410411834716797
0.0002579689025878906
0.00025463104248046875
0.00024819374084472656
0.00025463104248046875
0.0002582073211669922
0.0002455711364746094
0.0002422332763671875
0.0002422332763671875
0.0002529621124267578
0.0002455711364746094
0.000240325927734375
0.00025534629821777344
0.00024318695068359375
0.00024175643920898438
0.00025773048400878906
0.00022339820861816406
0.0002598762512207031
0.0002543926239013672
0.0002281665802001953
0.0002503395080566406
0.0002512931823730469
0.0002567768096923828
0.0002522468566894531
0.00025534629821777344
0.00024628639221191406
0.0002448558807373047
0.0002493858337402344
0.0002467632293701172
0.0002512931823730469
0.0002415180206298828
0.00025081634521484375
0.00026607513427734375
0.0002510547637939453
0.0002562999725341797
0.00025200843811035156
0.00024890899658203125
0.00023984909057617188
0.0002522468566894531
0.00025343894958496094
0.00024890899658203125
0.00024390220642089844
0.0002415180206298828
0.00023889541625976563
0.0002465248107910156
0.0002346038818359375
0.000247955322265625
0.0002448558807373047
0.00023794174194335938
0.00025010108947753906
0.0002739429473876953
0.00023603439331054688
0.0002453327178955078
0.0002422332763671875
0.00024890899658203125
0.0002281665802001953
0.00022649765014648438
0.000225067138671875
0.00025391578674316406
0.00023174285888671875
0.0002498626708984375
0.00025200843811035156
0.0002262592315673828
0.00024700164794921875
0.0002524852752685547
0.00022721290588378906
0.0002574920654296875
0.00024056434631347656
0.000263214111328125
0.00026488304138183594
0.000659942626953125
0.0002319812774658203
0.00024771690368652344
0.0002601146697998047
0.0002391338348388672
0.00024771690368652344
0.0002529621124267578
0.00022649765014648438
0.00025725364685058594
0.0002353191375732422
0.0002551078796386719
0.0002474784851074219
0.00025582313537597656
0.00025272369384765625
0.0002493858337402344
0.00025653839111328125
0.00026297569274902344
0.00025463104248046875
0.00025177001953125
0.0002498626708984375
0.0002601146697998047
0.0002541542053222656
0.000255584716796875
0.0002493858337402344
0.00024890899658203125
0.0002510547637939453
0.0002543926239013672
0.0002491474151611328
0.0002510547637939453
0.0002586841583251953
0.0002307891845703125
0.0002560615539550781
0.00023031234741210938
0.0002570152282714844
0.00022649765014648438
0.00025773048400878906
0.0002620220184326172
0.00022935867309570313
0.0002620220184326172
0.00025463104248046875
0.00025391578674316406
0.0002551078796386719
0.0002541542053222656
0.0002605915069580078
0.00025844573974609375
0.00025916099548339844
0.00024628639221191406
0.00026488304138183594
0.0002512931823730469
0.00027632713317871094
0.0002493858337402344
0.00025153160095214844
0.0002574920654296875
0.00025916099548339844
0.0002608299255371094
0.00026106834411621094
0.0002570152282714844
0.00025534629821777344
0.00025463104248046875
0.0002627372741699219
0.00026035308837890625
0.0002560615539550781
0.0002624988555908203
0.000255584716796875
0.0002570152282714844
0.0002646446228027344
0.0002613067626953125
0.0002315044403076172
0.00026035308837890625
0.0002567768096923828
0.000232696533203125
0.0002505779266357422
0.00026416778564453125
0.0002567768096923828
0.00026607513427734375
0.00025177001953125
0.0002543926239013672
0.0002532005310058594
0.0007359981536865234
0.0002536773681640625
0.00025200843811035156
0.00022983551025390625
0.00025391578674316406
0.00025391578674316406
0.00025534629821777344
0.00026416778564453125
0.0002636909484863281
0.0002684593200683594
0.0002510547637939453
0.0002741813659667969
0.00025582313537597656
0.00025916099548339844
0.0002601146697998047
0.0002601146697998047
0.0002562999725341797
0.00026035308837890625
0.0002598762512207031
0.0002567768096923828
0.0002505779266357422
0.0002663135528564453
0.0002579689025878906
0.000274658203125
0.0002598762512207031
0.00026035308837890625
0.0002567768096923828
0.0002617835998535156
0.0002467632293701172
0.0002627372741699219
0.00026988983154296875
0.0002510547637939453
0.00026297569274902344
0.0002562999725341797
0.0002536773681640625
0.0002636909484863281
0.00025963783264160156
0.0002589225769042969
0.0002541542053222656
0.0002639293670654297
0.0002574920654296875
0.0002620220184326172
0.0002646446228027344
0.0002617835998535156
0.00024366378784179688
0.00025844573974609375
0.00026488304138183594
0.0002624988555908203
0.0002532005310058594
0.00026035308837890625
0.00026416778564453125
0.0002560615539550781
0.0002601146697998047
0.0002562999725341797
0.000263214111328125
0.0002567768096923828
0.0002636909484863281
0.0002703666687011719
0.0002288818359375
0.0002624988555908203
0.0002684593200683594
0.0002598762512207031
0.0002644062042236328
0.0002617835998535156
0.00023555755615234375
