0.0030775070190429688
0.0005826950073242188
0.0006535053253173828
0.0007293224334716797
0.0008089542388916016
0.0008726119995117188
0.0009436607360839844
0.0010290145874023438
0.0010914802551269531
0.0011749267578125
0.0012309551239013672
0.0013380050659179688
0.0015518665313720703
0.0014867782592773438
0.002098560333251953
0.003151416778564453
0.0017893314361572266
0.0019948482513427734
0.002038717269897461
0.002134084701538086
0.0021774768829345703
0.002355813980102539
0.0023353099822998047
0.0029935836791992188
0.0025365352630615234
0.002567291259765625
0.0026824474334716797
0.002810955047607422
0.002829313278198242
0.0028624534606933594
0.0030930042266845703
0.0031425952911376953
0.003158092498779297
0.0032978057861328125
0.0032939910888671875
0.003455638885498047
0.0034661293029785156
0.0036382675170898438
0.0037322044372558594
0.0037980079650878906
0.003706693649291992
0.003949165344238281
0.003966569900512695
0.003959178924560547
0.0041425228118896484
0.004190206527709961
0.004284858703613281
0.004288911819458008
0.004511117935180664
0.004456996917724609
0.004571676254272461
0.004610538482666016
0.004693031311035156
0.0048198699951171875
0.0048618316650390625
0.005076408386230469
0.005159616470336914
0.005184173583984375
0.005127906799316406
0.00530695915222168
0.005427837371826172
0.005514860153198242
0.005534648895263672
0.005524158477783203
0.005689859390258789
0.005693912506103516
0.005827188491821289
0.005872011184692383
0.005952358245849609
0.00599980354309082
0.006170511245727539
0.006200313568115234
0.006357431411743164
0.006379127502441406
0.006393909454345703
0.006559848785400391
0.006623029708862305
0.006646394729614258
0.006792306900024414
0.006831169128417969
0.006894826889038086
0.0069196224212646484
0.007043123245239258
0.007142543792724609
0.007144451141357422
0.007274150848388672
0.007204771041870117
0.007467985153198242
0.007414340972900391
0.00765681266784668
0.007659912109375
0.007536411285400391
0.007714986801147461
0.007844209671020508
0.007946491241455078
0.008004188537597656
0.008011341094970703
0.008163928985595703
0.008172750473022461
0.008212089538574219
0.008289337158203125
0.008297204971313477
0.008585691452026367
0.00848531723022461
0.008647441864013672
0.00847935676574707
0.00876760482788086
0.008831024169921875
0.00877070426940918
0.009017467498779297
0.009135007858276367
0.009111881256103516
0.00926828384399414
0.009327411651611328
0.009330987930297852
0.009607076644897461
0.009449243545532227
0.009420394897460938
0.009502410888671875
0.009842634201049805
0.009882450103759766
0.009856700897216797
0.009918212890625
0.010093450546264648
0.010025978088378906
0.01017451286315918
0.010141372680664063
0.010488510131835938
0.010412931442260742
0.010477066040039063
0.010442495346069336
0.010496139526367188
0.010983467102050781
0.010912656784057617
0.010730266571044922
0.010802507400512695
0.0111083984375
0.011378288269042969
0.011492252349853516
0.011363983154296875
0.011591911315917969
0.011512517929077148
0.011798858642578125
0.01153874397277832
0.011823415756225586
0.011760950088500977
0.011770248413085938
0.011783838272094727
0.011891603469848633
0.011790990829467773
0.011922597885131836
0.011919498443603516
0.01186990737915039
0.012150764465332031
0.012207984924316406
0.012163639068603516
0.012209892272949219
0.012505769729614258
0.01226496696472168
0.01227879524230957
0.012403011322021484
0.012556314468383789
0.012401580810546875
0.012673377990722656
0.012704610824584961
0.01266622543334961
0.012693643569946289
0.012612104415893555
0.012803316116333008
0.013473033905029297
0.013572216033935547
0.013390779495239258
0.013235807418823242
0.013307571411132813
0.013273239135742188
0.013233184814453125
0.013258218765258789
0.013791084289550781
0.014025688171386719
0.014014005661010742
0.014008283615112305
0.013912439346313477
0.013738632202148438
0.013710737228393555
0.01365041732788086
0.013763904571533203
0.014267444610595703
0.01425790786743164
0.014230012893676758
0.014272928237915039
0.014307975769042969
0.014312505722045898
0.014296770095825195
0.014368534088134766
0.0148468017578125
0.015757083892822266
0.014830827713012695
0.014846563339233398
0.014714717864990234
0.014821052551269531
0.014922857284545898
0.014993667602539063
0.01470494270324707
0.015084981918334961
0.014994621276855469
0.014847278594970703
0.014829635620117188
0.015009880065917969
0.015010595321655273
0.014785528182983398
0.014720678329467773
0.014548540115356445
0.014691591262817383
0.014698266983032227
0.014772653579711914
0.0146484375
0.014655590057373047
0.014591455459594727
0.015629053115844727
0.01582622528076172
0.015552282333374023
0.01539468765258789
0.015204668045043945
0.015310049057006836
0.015137910842895508
0.015377044677734375
0.015413284301757813
0.01519465446472168
0.015554666519165039
0.01531076431274414
0.015434503555297852
0.015386343002319336
0.01572561264038086
0.015650510787963867
0.01637101173400879
0.016308069229125977
0.0159912109375
0.016106843948364258
0.016251802444458008
0.015888690948486328
0.01592230796813965
0.0163576602935791
0.016319751739501953
0.01596236228942871
0.01645660400390625
0.016183137893676758
0.016234397888183594
0.01606297492980957
0.016066551208496094
0.016052722930908203
0.016146183013916016
0.016052722930908203
0.016071081161499023
0.01605677604675293
0.01614236831665039
0.016309738159179688
0.016167640686035156
0.017073631286621094
0.017174482345581055
0.01713705062866211
0.01739335060119629
0.017142534255981445
0.01715397834777832
0.01723933219909668
0.01718592643737793
0.017522335052490234
0.017534732818603516
0.017573833465576172
0.017894506454467773
0.017958641052246094
0.017676591873168945
0.017599105834960938
0.017816543579101563
0.01867985725402832
0.01891183853149414
0.01891160011291504
0.01891326904296875
0.018790483474731445
0.01856088638305664
0.018440961837768555
0.018820762634277344
0.017232894897460938
0.017220020294189453
0.017300844192504883
0.017161846160888672
0.017055511474609375
0.017177104949951172
0.017400741577148438
0.01706099510192871
0.017600536346435547
0.017615556716918945
0.01745891571044922
0.017670392990112305
0.017634868621826172
0.017566204071044922
0.017359256744384766
0.017365217208862305
0.017824411392211914
0.017764806747436523
0.017731666564941406
0.017847299575805664
0.017957687377929688
0.017939090728759766
0.017735958099365234
0.01830005645751953
0.018552303314208984
0.018239736557006836
0.018340349197387695
0.01853799819946289
0.018324851989746094
0.018253326416015625
0.01839447021484375
0.019308805465698242
0.019462108612060547
0.01938343048095703
0.019616365432739258
0.0194704532623291
0.019420862197875977
0.019601821899414063
0.01937079429626465
0.01978158950805664
0.020117998123168945
0.020876407623291016
0.019311904907226563
0.020159006118774414
0.019369840621948242
0.019214153289794922
0.02115321159362793
0.019199132919311523
0.01909923553466797
0.018785715103149414
0.019057273864746094
0.019057750701904297
0.0190584659576416
0.0190889835357666
0.019707202911376953
0.01909923553466797
0.019333600997924805
0.019051313400268555
0.019193172454833984
0.018845319747924805
0.0191347599029541
0.01890277862548828
0.018854379653930664
0.018971920013427734
0.019089221954345703
0.018689393997192383
0.018816232681274414
0.0190579891204834
0.018831491470336914
0.01883101463317871
0.01920008659362793
0.019097566604614258
0.0191195011138916
0.019445180892944336
0.0190737247467041
0.019543886184692383
0.019195556640625
0.01910257339477539
0.01946735382080078
0.019884109497070313
0.019725322723388672
0.019713640213012695
0.019723176956176758
0.019529342651367188
0.019738435745239258
0.02092123031616211
0.02082204818725586
0.021080970764160156
0.02062702178955078
0.020932435989379883
0.02081012725830078
0.020756244659423828
0.021687984466552734
0.021876811981201172
0.021723270416259766
0.02141594886779785
0.02187657356262207
0.021700382232666016
0.021120309829711914
0.02211737632751465
0.021813392639160156
0.021958351135253906
0.022495269775390625
0.02174234390258789
0.02196645736694336
0.022091388702392578
0.0218355655670166
0.02294325828552246
0.02308821678161621
0.02315497398376465
0.02331066131591797
0.023265838623046875
0.02337336540222168
0.02300119400024414
0.023112058639526367
0.022618532180786133
0.022418498992919922
0.02275872230529785
0.022938251495361328
0.022551774978637695
0.022579193115234375
0.02281951904296875
0.022367477416992188
0.022209882736206055
0.022427082061767578
0.022246837615966797
0.022284746170043945
0.022289037704467773
0.022281646728515625
0.02223944664001465
0.02189946174621582
0.021849632263183594
0.02220296859741211
0.022255897521972656
0.0220489501953125
0.02186727523803711
0.021788597106933594
0.022181987762451172
0.021724939346313477
0.021908044815063477
0.021866798400878906
0.02171039581298828
0.02168560028076172
0.021649599075317383
0.02210068702697754
0.02222418785095215
0.022189617156982422
0.0218353271484375
0.022119998931884766
0.0225069522857666
0.022246599197387695
0.02203226089477539
0.02287578582763672
0.022551536560058594
0.022281885147094727
0.02276325225830078
0.02229785919189453
0.022359848022460938
0.022545337677001953
0.022642135620117188
0.0237576961517334
0.0233609676361084
0.023337364196777344
0.023123502731323242
0.023044586181640625
0.023068666458129883
0.02305006980895996
0.02359771728515625
0.023192167282104492
0.023018836975097656
0.0232851505279541
0.023424148559570313
0.02292156219482422
0.022980451583862305
0.02403545379638672
0.023944854736328125
0.0240023136138916
0.023849010467529297
0.024193763732910156
0.023898839950561523
0.023839950561523438
0.024074554443359375
0.02409672737121582
0.024312973022460938
0.024318933486938477
0.024313926696777344
0.02438640594482422
0.024739980697631836
0.02414727210998535
0.02505326271057129
0.024842500686645508
0.025019168853759766
0.02397012710571289
0.024767637252807617
0.023691177368164063
0.02361297607421875
0.02535247802734375
0.025087833404541016
0.02495431900024414
0.025273799896240234
0.025096416473388672
0.02570343017578125
0.02487039566040039
0.024688005447387695
0.025705814361572266
0.024422645568847656
0.02502274513244629
0.025402545928955078
0.02505040168762207
0.02521038055419922
0.025286197662353516
0.02473592758178711
0.02463054656982422
0.02488875389099121
0.025184154510498047
0.02462482452392578
0.024244308471679688
0.02488994598388672
0.025514841079711914
