0.0012366771697998047
0.0006010532379150391
0.0006961822509765625
0.003943681716918945
0.0009105205535888672
0.000990152359008789
0.0011529922485351563
0.0012645721435546875
0.0013422966003417969
0.001413583755493164
0.001554727554321289
0.001653909683227539
0.0017209053039550781
0.0018584728240966797
0.0018951892852783203
0.0020275115966796875
0.002126455307006836
0.0021681785583496094
0.0023567676544189453
0.0023872852325439453
0.0024666786193847656
0.0025534629821777344
0.0027310848236083984
0.002755403518676758
0.002836942672729492
0.0029706954956054688
0.0030372142791748047
0.0031156539916992188
0.0032007694244384766
0.0031921863555908203
0.003422975540161133
0.003497600555419922
0.003583192825317383
0.0036182403564453125
0.0037453174591064453
0.0038747787475585938
0.0040493011474609375
0.004086017608642578
0.004148721694946289
0.004378557205200195
0.004466056823730469
0.004423856735229492
0.004531145095825195
0.0047075748443603516
0.00482940673828125
0.0048558712005615234
0.004827260971069336
0.005072832107543945
0.005143165588378906
0.005130290985107422
0.005480289459228516
0.005491495132446289
0.005428314208984375
0.005349397659301758
0.005442619323730469
0.005652189254760742
0.005591392517089844
0.005926370620727539
0.005919694900512695
0.006180524826049805
0.006155490875244141
0.006078004837036133
0.006127595901489258
0.006142854690551758
0.00637364387512207
0.0070953369140625
0.006320953369140625
0.006921291351318359
0.006758928298950195
0.007023811340332031
0.006857633590698242
0.0071010589599609375
0.007142782211303711
0.007175445556640625
0.0071773529052734375
0.007348060607910156
0.007660388946533203
0.007582187652587891
0.007462024688720703
0.007886409759521484
0.007795572280883789
0.007921218872070313
0.007911443710327148
0.008011817932128906
0.008074045181274414
0.00853586196899414
0.00852656364440918
0.008456230163574219
0.00855708122253418
0.00875234603881836
0.008774757385253906
0.009031534194946289
0.008851051330566406
0.008777141571044922
0.009051084518432617
0.009205102920532227
0.009159326553344727
0.008948087692260742
0.009676456451416016
0.009490966796875
0.009479522705078125
0.009451150894165039
0.009608268737792969
0.009643316268920898
0.009731769561767578
0.009739875793457031
0.009686470031738281
0.009521722793579102
0.009860992431640625
0.00978231430053711
0.010289192199707031
0.010343313217163086
0.009890556335449219
0.009987592697143555
0.010215520858764648
0.010176897048950195
0.01040506362915039
0.010470390319824219
0.010180950164794922
0.010303497314453125
0.010538101196289063
0.01081395149230957
0.010780811309814453
0.010859966278076172
0.010999202728271484
0.011136054992675781
0.011232852935791016
0.011225461959838867
0.011135578155517578
0.011363506317138672
0.011121988296508789
0.011605978012084961
0.011031627655029297
0.011672735214233398
0.011795997619628906
0.011708974838256836
0.012182235717773438
0.012059450149536133
0.012241125106811523
0.011935234069824219
0.012129545211791992
0.011973142623901367
0.011940956115722656
0.012101411819458008
0.012263059616088867
0.012596607208251953
0.012290000915527344
0.01230621337890625
0.012780427932739258
0.012738943099975586
0.012703180313110352
0.012445211410522461
0.01314401626586914
0.012582063674926758
0.01289987564086914
0.012902498245239258
0.012806415557861328
0.012998104095458984
0.012960195541381836
0.013026714324951172
0.013164281845092773
0.013074159622192383
0.013030529022216797
0.013571739196777344
0.01332235336303711
0.013447761535644531
0.013027191162109375
0.01314997673034668
0.01284170150756836
0.013715982437133789
0.013291597366333008
0.01320648193359375
0.013592720031738281
0.013905048370361328
0.013750314712524414
0.013734579086303711
0.013916969299316406
0.013981819152832031
0.014001131057739258
0.01386713981628418
0.014167308807373047
0.014416694641113281
0.014525413513183594
0.014184236526489258
0.01434326171875
0.014376401901245117
0.014190435409545898
0.015140771865844727
0.014917850494384766
0.015260934829711914
0.015227556228637695
0.015210390090942383
0.014444589614868164
0.014791011810302734
0.014429569244384766
0.014587163925170898
0.014559030532836914
0.01474142074584961
0.014804840087890625
0.014794588088989258
0.014513492584228516
0.014608383178710938
0.01462864875793457
0.01470184326171875
0.01462554931640625
0.014609098434448242
0.014770984649658203
0.015000343322753906
0.014932870864868164
0.015020132064819336
0.01484227180480957
0.015345096588134766
0.014986038208007813
0.014921426773071289
0.014981508255004883
0.015364408493041992
0.015420198440551758
0.01569056510925293
0.01578378677368164
0.01595592498779297
0.015691757202148438
0.015929698944091797
0.015824079513549805
0.015715837478637695
0.01587963104248047
0.015953779220581055
0.016005992889404297
0.01572895050048828
0.015633821487426758
0.015899181365966797
0.01563096046447754
0.015990018844604492
0.015554189682006836
0.015931367874145508
0.015679597854614258
0.015848875045776367
0.015826702117919922
0.016284465789794922
0.016536235809326172
0.016412019729614258
0.016142606735229492
0.016505956649780273
0.01605224609375
0.015871524810791016
0.016086816787719727
0.016156673431396484
0.01623249053955078
0.016906023025512695
0.016857147216796875
0.017171382904052734
0.017014503479003906
0.01677846908569336
0.017050504684448242
0.017061710357666016
0.017005205154418945
0.01712203025817871
0.0169677734375
0.017243385314941406
0.01731085777282715
0.01730203628540039
0.017630815505981445
0.01751995086669922
0.018027067184448242
0.0176849365234375
0.017727136611938477
0.01786208152770996
0.017763853073120117
0.01687312126159668
0.016908884048461914
0.01690673828125
0.017165184020996094
0.01726841926574707
0.01740121841430664
0.017716646194458008
0.017215967178344727
0.017482280731201172
0.017610549926757813
0.01764392852783203
0.017618417739868164
0.017678022384643555
0.01750016212463379
0.01772284507751465
0.01800060272216797
0.017625093460083008
0.017600297927856445
0.01746988296508789
0.017541170120239258
0.01795816421508789
0.017751455307006836
0.01817488670349121
0.018290042877197266
0.018062829971313477
0.0182340145111084
0.01817035675048828
0.018370389938354492
0.018406152725219727
0.018167495727539063
0.018434524536132813
0.018924236297607422
0.019011497497558594
0.01879262924194336
0.01931905746459961
0.018923521041870117
0.019350290298461914
0.019219636917114258
0.019129037857055664
0.01857471466064453
0.018975496292114258
0.018189191818237305
0.01821589469909668
0.01829385757446289
0.01815009117126465
0.018302202224731445
0.01820063591003418
0.018284320831298828
0.018262624740600586
0.01809072494506836
0.018273115158081055
0.01930403709411621
0.019160032272338867
0.019212722778320313
0.018983125686645508
0.019241809844970703
0.0193936824798584
0.019197463989257813
0.019120216369628906
0.019442081451416016
0.019179821014404297
0.019329309463500977
0.019241809844970703
0.01944112777709961
0.019096851348876953
0.019197463989257813
0.01918959617614746
0.019437551498413086
0.019281387329101563
0.01956772804260254
0.01920032501220703
0.02012944221496582
0.01975107192993164
0.019742965698242188
0.02018260955810547
0.020322322845458984
0.01996469497680664
0.02007317543029785
0.020270824432373047
0.019780874252319336
0.019553184509277344
0.019463777542114258
0.019574403762817383
0.019643545150756836
0.0196382999420166
0.019612789154052734
0.019877195358276367
0.019675493240356445
0.0193479061126709
0.01972174644470215
0.02008199691772461
0.01963973045349121
0.01952528953552246
0.01918196678161621
0.019900798797607422
0.019808292388916016
0.019588232040405273
0.02002739906311035
0.019800901412963867
0.01933002471923828
0.01976299285888672
0.019530057907104492
0.019417762756347656
0.019262075424194336
0.019510984420776367
0.019680023193359375
0.019648075103759766
0.019767045974731445
0.01989603042602539
0.019585847854614258
0.01952672004699707
0.02039313316345215
0.020247697830200195
0.020624399185180664
0.020626544952392578
0.020404577255249023
0.020557880401611328
0.019983291625976563
0.020172119140625
0.020314931869506836
0.020190715789794922
0.020784378051757813
0.020978689193725586
0.02120685577392578
0.020996570587158203
0.021003007888793945
0.02076864242553711
0.020787715911865234
0.0209808349609375
0.021007776260375977
0.0200655460357666
0.020129680633544922
0.020199298858642578
0.02031421661376953
0.020685911178588867
0.02016139030456543
0.020669221878051758
0.02029871940612793
0.020725250244140625
0.02097487449645996
0.020569562911987305
0.02047443389892578
0.0203554630279541
0.020737409591674805
0.020667076110839844
0.020966529846191406
0.02039813995361328
0.020776033401489258
0.020791292190551758
0.020563364028930664
0.021033763885498047
0.020834922790527344
0.02090287208557129
0.02098679542541504
0.02051258087158203
0.021129131317138672
0.02085089683532715
0.020932435989379883
0.020352840423583984
0.020963430404663086
0.021181106567382813
0.020873308181762695
0.020840883255004883
0.020749807357788086
0.020833253860473633
0.02135634422302246
0.02081298828125
0.02102494239807129
0.02086186408996582
0.0210421085357666
0.021360397338867188
0.021300077438354492
0.02136993408203125
0.021246910095214844
0.021306991577148438
0.02126336097717285
0.021491527557373047
0.021261215209960938
0.021150588989257813
0.022142887115478516
0.022675752639770508
0.02283024787902832
0.022581815719604492
0.022263050079345703
0.021909475326538086
0.02202630043029785
0.022327661514282227
0.022525787353515625
0.022324085235595703
0.02277827262878418
0.022540807723999023
0.022735118865966797
0.02284860610961914
0.022270917892456055
0.022923946380615234
0.022593021392822266
0.022120237350463867
0.022025346755981445
0.02231001853942871
0.022658348083496094
0.022980213165283203
0.02283954620361328
0.023027896881103516
0.02283191680908203
0.023150920867919922
0.022237300872802734
0.022434234619140625
0.02279520034790039
0.022966384887695313
0.022568225860595703
0.022845029830932617
0.022237062454223633
0.022622108459472656
0.02281332015991211
0.022449970245361328
0.022249937057495117
0.02249622344970703
0.022901058197021484
0.022692441940307617
0.02279067039489746
0.022908449172973633
0.023072242736816406
0.02265024185180664
0.02265477180480957
0.02266979217529297
0.02252483367919922
0.023134946823120117
0.02327728271484375
0.02297520637512207
0.023031949996948242
0.022691011428833008
0.02327275276184082
0.023029327392578125
