0.0003905296325683594
0.0002689361572265625
0.0002636909484863281
0.000270843505859375
0.0002760887145996094
0.0002808570861816406
0.0002779960632324219
0.0002751350402832031
0.0002789497375488281
0.0002880096435546875
0.0002837181091308594
0.0002827644348144531
0.00028634071350097656
0.0002865791320800781
0.0002884864807128906
0.0002617835998535156
0.0002830028533935547
0.00028252601623535156
0.0002751350402832031
0.00028443336486816406
0.00028228759765625
0.00029015541076660156
0.0002789497375488281
0.00028252601623535156
0.0002753734588623047
0.00029277801513671875
0.0002799034118652344
0.0002791881561279297
0.00027370452880859375
0.0002841949462890625
0.00026297569274902344
0.00027823448181152344
0.0002758502960205078
0.00029587745666503906
0.00028395652770996094
0.00028228759765625
0.0002865791320800781
0.00027942657470703125
0.00028777122497558594
0.0002918243408203125
0.0002758502960205078
0.00026798248291015625
0.0002846717834472656
0.0002853870391845703
0.00025773048400878906
0.0002777576446533203
0.00027942657470703125
0.00026702880859375
0.0002892017364501953
0.0002639293670654297
0.00028228759765625
0.00028133392333984375
0.0002586841583251953
0.00028443336486816406
0.0002734661102294922
0.0002872943878173828
0.0002899169921875
0.0002925395965576172
0.0002918243408203125
0.00027632713317871094
0.0002636909484863281
0.00028252601623535156
0.00028228759765625
0.0002739429473876953
0.0002865791320800781
0.0002598762512207031
0.0002875328063964844
0.0002846717834472656
0.0002779960632324219
0.0002956390380859375
0.00026535987854003906
0.00028777122497558594
0.0002651214599609375
0.0002810955047607422
0.0002808570861816406
0.00026535987854003906
0.0002827644348144531
0.0002894401550292969
0.0002779960632324219
0.0002837181091308594
0.0002617835998535156
0.0002579689025878906
0.00028324127197265625
0.00028634071350097656
0.0002892017364501953
0.000263214111328125
0.0002970695495605469
0.0002834796905517578
0.00024509429931640625
0.00027298927307128906
0.0002765655517578125
0.00031065940856933594
0.0002923011779785156
0.00029015541076660156
0.0002715587615966797
0.0002536773681640625
0.00028896331787109375
0.00029587745666503906
0.00028824806213378906
0.00027298927307128906
0.00028014183044433594
0.0002758502960205078
0.0002512931823730469
0.00028586387634277344
0.0002930164337158203
0.00029015541076660156
0.00026679039001464844
0.0002887248992919922
0.0002827644348144531
0.0002758502960205078
0.0002970695495605469
0.0002892017364501953
0.0002989768981933594
0.000301361083984375
0.0002613067626953125
0.0002796649932861328
0.0002892017364501953
0.00029397010803222656
0.00029158592224121094
0.00027298927307128906
0.0002815723419189453
0.0002853870391845703
0.0003020763397216797
0.00027489662170410156
0.00026488304138183594
0.00028324127197265625
0.0002875328063964844
0.0003039836883544922
0.0003046989440917969
0.00029015541076660156
0.0002880096435546875
0.0002949237823486328
0.00028252601623535156
0.00028228759765625
0.0003082752227783203
0.0002682209014892578
0.0002913475036621094
0.0002760887145996094
0.00031638145446777344
0.00028395652770996094
0.00029730796813964844
0.000278472900390625
0.00029277801513671875
0.0002903938293457031
0.0003046989440917969
0.0002827644348144531
0.00029158592224121094
0.0002956390380859375
0.000293731689453125
0.0002892017364501953
0.00029277801513671875
0.0002868175506591797
0.00029659271240234375
0.0003058910369873047
0.0002880096435546875
0.00028634071350097656
0.00028324127197265625
0.00028514862060546875
0.00029087066650390625
0.00028705596923828125
0.00028061866760253906
0.0002894401550292969
0.0002892017364501953
0.00030994415283203125
0.0003027915954589844
0.0002949237823486328
0.000301361083984375
0.00029087066650390625
0.0003020763397216797
0.0002884864807128906
0.0002913475036621094
0.0003025531768798828
0.00030112266540527344
0.0002791881561279297
0.0003066062927246094
0.00029015541076660156
0.00030159950256347656
0.00030422210693359375
0.0002994537353515625
0.0003094673156738281
0.00026226043701171875
0.00027561187744140625
0.00030422210693359375
0.0002846717834472656
0.00027489662170410156
0.0002951622009277344
0.0003173351287841797
0.00028705596923828125
0.0002956390380859375
0.00030422210693359375
0.0003008842468261719
0.0002899169921875
0.0003132820129394531
0.0002892017364501953
0.0002865791320800781
0.00028824806213378906
0.0002894401550292969
0.0003135204315185547
0.0003142356872558594
0.0003147125244140625
0.00030159950256347656
0.00029730796813964844
0.0003159046173095703
0.0003275871276855469
0.0003120899200439453
0.0002999305725097656
0.0003609657287597656
0.00031566619873046875
0.0002892017364501953
0.0003020763397216797
0.00031876564025878906
0.00032138824462890625
0.0003113746643066406
0.0003237724304199219
0.00030875205993652344
0.0003113746643066406
0.0003001689910888672
0.0003132820129394531
0.00030803680419921875
0.0002980232238769531
0.0003044605255126953
0.0003001689910888672
0.0002856254577636719
0.00032138824462890625
0.00029921531677246094
0.0003120899200439453
0.00032639503479003906
0.0003235340118408203
0.00032401084899902344
0.0003037452697753906
0.0003113746643066406
0.00031495094299316406
0.0003192424774169922
0.0006196498870849609
0.0003097057342529297
0.00032782554626464844
0.0003292560577392578
0.0003273487091064453
0.0003345012664794922
0.00030732154846191406
0.00031185150146484375
0.00033473968505859375
0.0003304481506347656
0.0003185272216796875
0.000316619873046875
0.0003299713134765625
0.0003139972686767578
0.0002770423889160156
0.00028061866760253906
0.0003197193145751953
0.0003352165222167969
0.00033092498779296875
0.0003285408020019531
0.0003101825714111328
0.00031685829162597656
0.0003330707550048828
0.00027298927307128906
0.0003085136413574219
0.0002899169921875
0.0002770423889160156
0.0003466606140136719
0.000316619873046875
0.00032401084899902344
0.0002968311309814453
0.00032806396484375
0.00031876564025878906
0.0003299713134765625
0.0003333091735839844
0.0003292560577392578
0.0003345012664794922
0.0003170967102050781
0.0003058910369873047
0.0003218650817871094
0.00030922889709472656
0.00029277801513671875
0.00030040740966796875
0.0003376007080078125
0.00032973289489746094
0.00032067298889160156
0.0003261566162109375
0.00031304359436035156
0.000339508056640625
0.00034117698669433594
0.00034689903259277344
0.00034117698669433594
0.00035119056701660156
0.00033593177795410156
0.0003380775451660156
0.00032401084899902344
0.00033283233642578125
0.0003273487091064453
0.0002694129943847656
0.0003337860107421875
0.0003426074981689453
0.00033473968505859375
0.0003418922424316406
0.00034809112548828125
0.0002949237823486328
0.00034880638122558594
0.0003459453582763672
0.0003542900085449219
0.0003218650817871094
0.0003333091735839844
0.00026988983154296875
0.00031113624572753906
0.00033926963806152344
0.00031256675720214844
0.00036215782165527344
0.0003266334533691406
0.00034880638122558594
0.00032520294189453125
0.00033664703369140625
0.0003504753112792969
0.0003254413604736328
0.0003733634948730469
0.00027751922607421875
0.00034356117248535156
0.0003235340118408203
0.00031876564025878906
0.00033402442932128906
0.00032520294189453125
0.00028014183044433594
0.00034165382385253906
0.0003237724304199219
0.0003268718719482422
0.0003204345703125
0.00033593177795410156
0.0002772808074951172
0.00029969215393066406
0.0003294944763183594
0.0003039836883544922
0.00032973289489746094
0.0003476142883300781
0.00033354759216308594
0.0003135204315185547
0.0003230571746826172
0.00035500526428222656
0.0003085136413574219
0.0003197193145751953
0.0003285408020019531
0.0003254413604736328
0.0003268718719482422
0.0002872943878173828
0.00030493736267089844
0.0003008842468261719
0.00030612945556640625
0.0003147125244140625
0.0003077983856201172
0.0003376007080078125
0.0003039836883544922
0.0002827644348144531
0.00032591819763183594
0.0002758502960205078
0.0003066062927246094
0.0002818107604980469
0.00027871131896972656
0.00028395652770996094
0.0003104209899902344
0.0003097057342529297
0.000324249267578125
0.0003223419189453125
0.00033164024353027344
0.0003287792205810547
0.0003497600555419922
0.0002899169921875
0.0003020763397216797
0.0003154277801513672
0.00030875205993652344
0.0003314018249511719
0.00031447410583496094
0.0003342628479003906
0.0003516674041748047
0.00032830238342285156
0.000308990478515625
0.0002987384796142578
0.00027370452880859375
0.0002753734588623047
0.0003151893615722656
0.00034809112548828125
0.00032639503479003906
0.00030875205993652344
0.00032138824462890625
0.0003337860107421875
0.00030684471130371094
0.0003101825714111328
0.0003333091735839844
0.00031185150146484375
0.0003097057342529297
0.0003457069396972656
0.00030422210693359375
0.0003426074981689453
0.00030350685119628906
0.0003197193145751953
0.0002837181091308594
0.0003275871276855469
0.00032830238342285156
0.000339508056640625
0.00031304359436035156
0.0003437995910644531
0.00033092498779296875
0.0002703666687011719
0.0003199577331542969
0.00032901763916015625
0.00035119056701660156
0.0003142356872558594
0.0003204345703125
0.0003514289855957031
0.0003147125244140625
0.0003178119659423828
0.0003314018249511719
0.0003383159637451172
0.000335693359375
0.00032591819763183594
0.0003116130828857422
0.0003349781036376953
0.0003190040588378906
0.00032520294189453125
0.0003724098205566406
0.0003459453582763672
0.00031447410583496094
0.0002803802490234375
0.0003387928009033203
0.00031495094299316406
0.00035190582275390625
0.0002834796905517578
0.0003294944763183594
0.00029087066650390625
0.0002639293670654297
0.00034928321838378906
0.0003063678741455078
0.0003478527069091797
0.00034308433532714844
0.00035190582275390625
0.00030303001403808594
0.00032901763916015625
0.0002994537353515625
0.00031757354736328125
0.00032711029052734375
0.0003046989440917969
0.00034546852111816406
0.00033783912658691406
0.0003597736358642578
0.0003113746643066406
0.0003159046173095703
0.000331878662109375
0.000335693359375
0.00037026405334472656
0.00032711029052734375
0.0003466606140136719
0.00035262107849121094
0.0003025531768798828
0.0002949237823486328
0.0003464221954345703
0.0003502368927001953
0.00032901763916015625
0.0003387928009033203
0.0003306865692138672
0.0003380775451660156
0.0003211498260498047
0.00034308433532714844
0.0003783702850341797
0.0003452301025390625
0.0003466606140136719
0.0003407001495361328
0.00033974647521972656
0.00034332275390625
0.0003452301025390625
0.00032448768615722656
0.0003161430358886719
0.00031280517578125
0.0003445148468017578
0.0002837181091308594
0.00034332275390625
0.00034332275390625
0.000347137451171875
0.00028705596923828125
0.00033473968505859375
0.0003447532653808594
0.00033664703369140625
0.0002841949462890625
0.0003380775451660156
0.00035190582275390625
0.0003216266632080078
0.0003361701965332031
0.00034165382385253906
0.00028586387634277344
0.0003502368927001953
0.0002715587615966797
0.0003304481506347656
0.0003609657287597656
0.0003380775451660156
0.000370025634765625
0.0003170967102050781
0.000316619873046875
0.00032329559326171875
0.0003376007080078125
0.0002803802490234375
0.00033783912658691406
0.00034809112548828125
0.000274658203125
