0.0024421215057373047
0.0007085800170898438
0.0008287429809570313
0.0009589195251464844
0.0010974407196044922
0.0011677742004394531
0.0012912750244140625
0.003865480422973633
0.0015692710876464844
0.0016436576843261719
0.0018088817596435547
0.001973867416381836
0.002107381820678711
0.0022644996643066406
0.0024242401123046875
0.002559185028076172
0.0027306079864501953
0.002789735794067383
0.002924203872680664
0.002930879592895508
0.0031800270080566406
0.0033113956451416016
0.003429889678955078
0.003511667251586914
0.003640890121459961
0.0036880970001220703
0.003907203674316406
0.004107236862182617
0.004049539566040039
0.00428462028503418
0.004396200180053711
0.0045888423919677734
0.0046613216400146484
0.004811525344848633
0.004802227020263672
0.004892826080322266
0.00496220588684082
0.005152702331542969
0.0052793025970458984
0.005553245544433594
0.0055463314056396484
0.005676984786987305
0.00577545166015625
0.00592041015625
0.0060272216796875
0.006016969680786133
0.006416797637939453
0.00645899772644043
0.006619691848754883
0.0064165592193603516
0.006948232650756836
0.006724357604980469
0.007136344909667969
0.0070836544036865234
0.0071523189544677734
0.007384777069091797
0.007180452346801758
0.007528066635131836
0.0077152252197265625
0.007681846618652344
0.007883548736572266
0.00835728645324707
0.007951021194458008
0.00830388069152832
0.008304595947265625
0.008527278900146484
0.008461952209472656
0.008898258209228516
0.0086212158203125
0.009119033813476563
0.009072303771972656
0.009233951568603516
0.009131669998168945
0.00932765007019043
0.009476184844970703
0.009746789932250977
0.009856462478637695
0.009873628616333008
0.00963592529296875
0.010281801223754883
0.010050058364868164
0.010109901428222656
0.01123666763305664
0.010813474655151367
0.010947704315185547
0.010629892349243164
0.011084556579589844
0.010957956314086914
0.011391162872314453
0.010871648788452148
0.01154017448425293
0.011930227279663086
0.011923789978027344
0.011723995208740234
0.011688232421875
0.011818170547485352
0.012349605560302734
0.012384891510009766
0.012471914291381836
0.01265406608581543
0.012417793273925781
0.01283121109008789
0.012989282608032227
0.012914180755615234
0.013291597366333008
0.01324915885925293
0.013617277145385742
0.01386880874633789
0.013860225677490234
0.013910770416259766
0.013722896575927734
0.013958215713500977
0.014461278915405273
0.014412403106689453
0.013936281204223633
0.0145721435546875
0.014501571655273438
0.015076637268066406
0.014723539352416992
0.015021085739135742
0.015218496322631836
0.015219688415527344
0.015300512313842773
0.015103578567504883
0.015929698944091797
0.01546168327331543
0.015929222106933594
0.01646900177001953
0.016345739364624023
0.016613245010375977
0.016111373901367188
0.016678571701049805
0.0169985294342041
0.0173494815826416
0.01673126220703125
0.016965150833129883
0.01735830307006836
0.017938852310180664
0.017650127410888672
0.017317771911621094
0.017766475677490234
0.018120527267456055
0.018179893493652344
0.017333269119262695
0.018015146255493164
0.018059492111206055
0.018203020095825195
0.017727136611938477
0.01807427406311035
0.018413782119750977
0.018262863159179688
0.019014596939086914
0.018575668334960938
0.018876314163208008
0.018701791763305664
0.018822908401489258
0.01881718635559082
0.019520998001098633
0.01870441436767578
0.019141197204589844
0.019625186920166016
0.01834392547607422
0.01877880096435547
0.018748760223388672
0.01964282989501953
0.0185244083404541
0.018813133239746094
0.01901078224182129
0.019566059112548828
0.018976926803588867
0.018950223922729492
0.01934075355529785
0.019153594970703125
0.01962447166442871
0.02016758918762207
0.019666194915771484
0.02020430564880371
0.02022719383239746
0.02046942710876465
0.020214080810546875
0.021265745162963867
0.02094578742980957
0.02115488052368164
0.021042346954345703
0.021845579147338867
0.022153139114379883
0.021962404251098633
0.02182745933532715
0.022515058517456055
0.022367238998413086
0.022977828979492188
0.02307271957397461
0.023326873779296875
0.0229644775390625
0.022992849349975586
0.02320694923400879
0.02328324317932129
0.023362159729003906
0.02347707748413086
0.023670673370361328
0.023976802825927734
0.024129152297973633
0.02424931526184082
0.023966312408447266
0.024120330810546875
0.023694276809692383
0.02437138557434082
0.023963451385498047
0.025014162063598633
0.02467203140258789
0.024126529693603516
0.02414727210998535
0.023712158203125
0.02449655532836914
0.02536606788635254
0.02483844757080078
0.024465560913085938
0.024149656295776367
0.024097681045532227
0.02501702308654785
0.024347305297851563
0.02446889877319336
0.02419447898864746
0.024366378784179688
0.024790048599243164
0.024754047393798828
0.02480626106262207
0.024846315383911133
0.0249786376953125
0.02467656135559082
0.025233745574951172
0.02592945098876953
0.02613663673400879
0.026106595993041992
0.02570629119873047
0.02536320686340332
0.026627063751220703
0.026367902755737305
0.028105735778808594
0.026657819747924805
0.026485204696655273
0.026602745056152344
0.026889801025390625
0.026043415069580078
0.026407241821289063
0.026004314422607422
0.025774717330932617
0.027487993240356445
0.02749490737915039
0.027363061904907227
0.02688908576965332
0.026941537857055664
0.02740192413330078
0.027582645416259766
0.02690434455871582
0.02726006507873535
0.0288546085357666
0.027797460556030273
0.028046131134033203
0.028105735778808594
0.02888941764831543
0.027755022048950195
0.02762126922607422
0.027756452560424805
0.027709245681762695
0.0282442569732666
0.027940988540649414
0.027881622314453125
0.02892899513244629
0.028840065002441406
0.02847003936767578
0.028192520141601563
0.02864241600036621
0.02880120277404785
0.029150724411010742
0.0293121337890625
0.028275012969970703
0.028827190399169922
0.0284881591796875
0.02869701385498047
0.02818012237548828
0.02954244613647461
0.028272390365600586
0.029420852661132813
0.02913045883178711
0.029500484466552734
0.029604434967041016
0.02943277359008789
0.030198097229003906
0.030895471572875977
0.030124902725219727
0.03008723258972168
0.030360698699951172
0.030972719192504883
0.030735015869140625
0.030605077743530273
0.03033137321472168
0.03098320960998535
0.032331228256225586
0.031061649322509766
0.031052350997924805
0.03204464912414551
0.03152608871459961
0.0316007137298584
0.03196287155151367
0.03103160858154297
0.031441450119018555
0.031641244888305664
0.030908584594726563
0.03143787384033203
0.03189992904663086
0.031043052673339844
0.030944108963012695
0.03142428398132324
0.031664133071899414
0.03380918502807617
0.032060861587524414
0.03199505805969238
0.03184914588928223
0.03326725959777832
0.0328826904296875
0.033292531967163086
0.03227710723876953
0.03227066993713379
0.03204202651977539
0.03316950798034668
0.0318601131439209
0.03282809257507324
0.03247857093811035
0.03314542770385742
0.03194427490234375
0.03326535224914551
0.03253483772277832
0.03281736373901367
0.03511786460876465
0.03278183937072754
0.032633304595947266
0.033940792083740234
0.03350543975830078
0.03330707550048828
0.03310227394104004
0.03354334831237793
0.03418588638305664
0.03440403938293457
0.03297114372253418
0.03224444389343262
0.03262162208557129
0.03310394287109375
0.032537221908569336
0.03273653984069824
0.03262758255004883
0.033513784408569336
0.033345937728881836
0.03335070610046387
0.03344440460205078
0.034223079681396484
0.03453803062438965
0.03455996513366699
0.03457808494567871
0.03454470634460449
0.03498196601867676
0.03458881378173828
0.03435468673706055
0.034722089767456055
0.03497171401977539
0.034949302673339844
0.03513002395629883
0.03475165367126465
0.035481929779052734
0.03516554832458496
0.03461742401123047
0.03551626205444336
0.034627676010131836
0.0351564884185791
0.0356755256652832
0.035765647888183594
0.03606557846069336
0.03662252426147461
0.036516666412353516
0.036423444747924805
0.03718256950378418
0.03772711753845215
0.03632807731628418
0.03781890869140625
0.03711843490600586
0.03735089302062988
0.03796863555908203
0.03682971000671387
0.03616595268249512
0.03785514831542969
0.03670144081115723
0.03608584403991699
0.03693342208862305
0.036744117736816406
0.036828041076660156
0.0375514030456543
0.0370175838470459
0.03713488578796387
0.037717580795288086
0.0370485782623291
0.03655409812927246
0.037657737731933594
0.03760170936584473
0.0374605655670166
0.03733348846435547
0.03746604919433594
0.03719949722290039
0.03830361366271973
0.03692317008972168
0.03763604164123535
0.036772727966308594
0.03678131103515625
0.03769254684448242
0.03769063949584961
0.03769659996032715
0.037535905838012695
0.03783845901489258
0.03754138946533203
0.037435054779052734
0.037383317947387695
0.037843942642211914
0.038340091705322266
0.03887152671813965
0.03856372833251953
0.038689374923706055
0.03896903991699219
0.03991055488586426
0.04067730903625488
0.04060077667236328
0.04037213325500488
0.04046511650085449
0.0403900146484375
0.04062652587890625
0.04165482521057129
0.03969573974609375
0.03975701332092285
0.039983272552490234
0.03934955596923828
0.03947710990905762
0.03996443748474121
0.039937496185302734
0.040784597396850586
0.040773868560791016
0.04011178016662598
0.04005551338195801
0.0410919189453125
0.0406496524810791
0.04132652282714844
0.04161691665649414
0.041162967681884766
0.0410609245300293
0.04149055480957031
0.04177045822143555
0.041724205017089844
0.04270768165588379
0.04362750053405762
0.04223752021789551
0.04224061965942383
0.042066335678100586
0.04338884353637695
0.04248476028442383
0.04169440269470215
0.04141855239868164
0.041500091552734375
0.041184425354003906
0.04180455207824707
0.04131150245666504
0.0469207763671875
0.04200100898742676
0.04198122024536133
0.04186081886291504
0.04215121269226074
0.04225611686706543
0.04211831092834473
0.04247784614562988
0.04272937774658203
0.04315614700317383
0.042617082595825195
0.042815446853637695
0.04275965690612793
0.04252958297729492
0.043077945709228516
0.043592214584350586
0.042858123779296875
0.04300498962402344
0.04325294494628906
0.042708396911621094
0.043045759201049805
0.0432438850402832
0.04303598403930664
0.04216122627258301
0.04323458671569824
0.045107126235961914
0.0426783561706543
0.042375802993774414
0.04353451728820801
0.04340052604675293
0.044072866439819336
0.04290270805358887
0.04342961311340332
