0.00222015380859375
0.00029087066650390625
0.0002830028533935547
0.00030350685119628906
0.00030422210693359375
0.0003027915954589844
0.0003063678741455078
0.00029969215393066406
0.0003018379211425781
0.00030875205993652344
0.0003006458282470703
0.00030994415283203125
0.0003139972686767578
0.0002899169921875
0.0002918243408203125
0.0002970695495605469
0.00030493736267089844
0.0003075599670410156
0.0003008842468261719
0.00029587745666503906
0.0003018379211425781
0.0002911090850830078
0.0002942085266113281
0.0003070831298828125
0.0003018379211425781
0.00030350685119628906
0.0002951622009277344
0.0002911090850830078
0.0002968311309814453
0.0002961158752441406
0.0002942085266113281
0.0002980232238769531
0.00030493736267089844
0.00029659271240234375
0.0002970695495605469
0.00029778480529785156
0.00029730796813964844
0.0002949237823486328
0.00030517578125
0.0003020763397216797
0.00029397010803222656
0.0002999305725097656
0.000301361083984375
0.00028896331787109375
0.00029277801513671875
0.00030684471130371094
0.0002970695495605469
0.0003008842468261719
0.0002930164337158203
0.00029468536376953125
0.00029158592224121094
0.0002887248992919922
0.0002923011779785156
0.00029587745666503906
0.0002968311309814453
0.00029277801513671875
0.0003018379211425781
0.0002980232238769531
0.00030303001403808594
0.0003063678741455078
0.00030541419982910156
0.0002987384796142578
0.0002884864807128906
0.00029015541076660156
0.00029540061950683594
0.00030422210693359375
0.0003063678741455078
0.0002961158752441406
0.00029587745666503906
0.00029659271240234375
0.0002999305725097656
0.0003063678741455078
0.0003063678741455078
0.0003135204315185547
0.00030422210693359375
0.00030922889709472656
0.00028514862060546875
0.0003135204315185547
0.0002999305725097656
0.0002999305725097656
0.00029587745666503906
0.0002982616424560547
0.00030231475830078125
0.00030422210693359375
0.0002956390380859375
0.00029969215393066406
0.0003006458282470703
0.0003044605255126953
0.0003046989440917969
0.0002999305725097656
0.0003161430358886719
0.00030112266540527344
0.0003256797790527344
0.0003018379211425781
0.0002944469451904297
0.00030875205993652344
0.00030231475830078125
0.0003154277801513672
0.00032067298889160156
0.00030732154846191406
0.0002999305725097656
0.0003066062927246094
0.0003075599670410156
0.0002970695495605469
0.0003120899200439453
0.0003056526184082031
0.00031065940856933594
0.000301361083984375
0.0002925395965576172
0.00031495094299316406
0.00031256675720214844
0.00031280517578125
0.00030803680419921875
0.00031113624572753906
0.0003116130828857422
0.00029778480529785156
0.0003058910369873047
0.0003037452697753906
0.00031280517578125
0.0003216266632080078
0.0003082752227783203
0.0003070831298828125
0.00031566619873046875
0.00031113624572753906
0.0003104209899902344
0.00030875205993652344
0.00030684471130371094
0.0003209114074707031
0.0003216266632080078
0.0003077983856201172
0.00031948089599609375
0.00031757354736328125
0.00029754638671875
0.0003032684326171875
0.0003113746643066406
0.0003216266632080078
0.0003039836883544922
0.00030112266540527344
0.00031447410583496094
0.00030493736267089844
0.0003044605255126953
0.00030922889709472656
0.0003287792205810547
0.00030541419982910156
0.0002949237823486328
0.00030684471130371094
0.00030803680419921875
0.0003159046173095703
0.00029754638671875
0.0002968311309814453
0.00030994415283203125
0.0003077983856201172
0.00031495094299316406
0.00032067298889160156
0.00031113624572753906
0.0003082752227783203
0.00029969215393066406
0.0003056526184082031
0.00030684471130371094
0.00029921531677246094
0.0003025531768798828
0.0003108978271484375
0.0003046989440917969
0.0003197193145751953
0.00030159950256347656
0.0003139972686767578
0.0003063678741455078
0.00030422210693359375
0.0003082752227783203
0.000308990478515625
0.0003037452697753906
0.0003056526184082031
0.0003101825714111328
0.0003190040588378906
0.000308990478515625
0.00032019615173339844
0.0003046989440917969
0.0003077983856201172
0.0003063678741455078
0.0003142356872558594
0.00031375885009765625
0.0003139972686767578
0.00029397010803222656
0.000301361083984375
0.00030684471130371094
0.0003199577331542969
0.00030875205993652344
0.0003199577331542969
0.00031447410583496094
0.0003056526184082031
0.0003037452697753906
0.00030875205993652344
0.0002951622009277344
0.0003082752227783203
0.00030612945556640625
0.000308990478515625
0.0003261566162109375
0.0003142356872558594
0.0003154277801513672
0.00031375885009765625
0.00032782554626464844
0.00030875205993652344
0.0003094673156738281
0.00030350685119628906
0.00030303001403808594
0.0003006458282470703
0.0003077983856201172
0.0003185272216796875
0.00031065940856933594
0.00031065940856933594
0.0003108978271484375
0.0003082752227783203
0.0003075599670410156
0.0003027915954589844
0.0003075599670410156
0.0003139972686767578
0.0003104209899902344
0.0003006458282470703
0.00031280517578125
0.0003075599670410156
0.00031495094299316406
0.00029659271240234375
0.00031948089599609375
0.00030612945556640625
0.0003058910369873047
0.0003185272216796875
0.000316619873046875
0.0003228187561035156
0.00030875205993652344
0.0003132820129394531
0.0003261566162109375
0.0003123283386230469
0.0003108978271484375
0.0003085136413574219
0.0003001689910888672
0.0003066062927246094
0.00031566619873046875
0.00029921531677246094
0.00032019615173339844
0.00031113624572753906
0.0003097057342529297
0.00031113624572753906
0.0003197193145751953
0.00031566619873046875
0.0003027915954589844
0.0003056526184082031
0.0003101825714111328
0.00031185150146484375
0.00032448768615722656
0.00031065940856933594
0.00032019615173339844
0.0003097057342529297
0.00030112266540527344
0.0003025531768798828
0.00031638145446777344
0.0003120899200439453
0.00030303001403808594
0.00029969215393066406
0.00031638145446777344
0.00030684471130371094
0.0003159046173095703
0.0003001689910888672
0.00031447410583496094
0.0002956390380859375
0.00030875205993652344
0.0003190040588378906
0.0003159046173095703
0.00031065940856933594
0.000316619873046875
0.0003173351287841797
0.0003228187561035156
0.00031304359436035156
0.0003020763397216797
0.00031304359436035156
0.000308990478515625
0.0003139972686767578
0.0003058910369873047
0.00031948089599609375
0.0003077983856201172
0.0003139972686767578
0.00031304359436035156
0.0003027915954589844
0.00032067298889160156
0.0003123283386230469
0.0003063678741455078
0.00031256675720214844
0.00032448768615722656
0.0003097057342529297
0.0003104209899902344
0.00030732154846191406
0.0003180503845214844
0.00030994415283203125
0.00030922889709472656
0.0003173351287841797
0.0003094673156738281
0.00031757354736328125
0.0003066062927246094
0.00031685829162597656
0.00030803680419921875
0.00032210350036621094
0.00030350685119628906
0.00031065940856933594
0.0003147125244140625
0.0003075599670410156
0.0003101825714111328
0.00030875205993652344
0.0003161430358886719
0.0003178119659423828
0.0003044605255126953
0.00031566619873046875
0.00031828880310058594
0.00030803680419921875
0.0003151893615722656
0.00031495094299316406
0.0003237724304199219
0.00031495094299316406
0.0003046989440917969
0.0003097057342529297
0.000316619873046875
0.00030541419982910156
0.0003235340118408203
0.0003299713134765625
0.00032258033752441406
0.0003120899200439453
0.0003192424774169922
0.0003185272216796875
0.0003190040588378906
0.0003120899200439453
0.00031495094299316406
0.0003199577331542969
0.00032258033752441406
0.00029754638671875
0.00031495094299316406
0.00031828880310058594
0.00031185150146484375
0.0003190040588378906
0.0003170967102050781
0.00030231475830078125
0.0003142356872558594
0.00032210350036621094
0.00030612945556640625
0.00030684471130371094
0.0003294944763183594
0.0002932548522949219
0.0003287792205810547
0.0003123283386230469
0.0003266334533691406
0.00031566619873046875
0.00032448768615722656
0.0003066062927246094
0.0003311634063720703
0.0003180503845214844
0.0003192424774169922
0.0003032684326171875
0.0003180503845214844
0.0003330707550048828
0.00032138824462890625
0.0003249645233154297
0.00031065940856933594
0.00030517578125
0.0003178119659423828
0.00031876564025878906
0.00031495094299316406
0.00030994415283203125
0.00031304359436035156
0.0003161430358886719
0.0003256797790527344
0.0003101825714111328
0.0003037452697753906
0.0003161430358886719
0.0003180503845214844
0.0003261566162109375
0.0003178119659423828
0.0003223419189453125
0.0003161430358886719
0.0003254413604736328
0.0003135204315185547
0.0003542900085449219
0.00032520294189453125
0.0003311634063720703
0.000324249267578125
0.00031757354736328125
0.0003237724304199219
0.0003139972686767578
0.00032448768615722656
0.00032520294189453125
0.00030994415283203125
0.0003170967102050781
0.0003170967102050781
0.00031828880310058594
0.0003349781036376953
0.0003254413604736328
0.00032019615173339844
0.00032067298889160156
0.0003211498260498047
0.0003139972686767578
0.0003204345703125
0.00033593177795410156
0.00031948089599609375
0.0003218650817871094
0.0003268718719482422
0.0003306865692138672
0.0003135204315185547
0.00032806396484375
0.00032973289489746094
0.00031638145446777344
0.00033402442932128906
0.00033020973205566406
0.00032782554626464844
0.0003199577331542969
0.00031113624572753906
0.0003256797790527344
0.00030732154846191406
0.0003261566162109375
0.00030732154846191406
0.0003077983856201172
0.0003230571746826172
0.0003268718719482422
0.00032138824462890625
0.0003266334533691406
0.0003077983856201172
0.00031304359436035156
0.0003185272216796875
0.00031185150146484375
0.00033283233642578125
0.0003314018249511719
0.0003139972686767578
0.00030922889709472656
0.00031375885009765625
0.00032138824462890625
0.00031304359436035156
0.00032067298889160156
0.000316619873046875
0.00032210350036621094
0.0003120899200439453
0.00030612945556640625
0.0003063678741455078
0.0003161430358886719
0.0003273487091064453
0.0003097057342529297
0.00031113624572753906
0.0003178119659423828
0.0003180503845214844
0.00032782554626464844
0.00030994415283203125
0.00030732154846191406
0.00031685829162597656
0.0003237724304199219
0.0003199577331542969
0.0003204345703125
0.00032448768615722656
0.00031304359436035156
0.000316619873046875
0.0003287792205810547
0.0003132820129394531
0.0003132820129394531
0.00031113624572753906
0.0003180503845214844
0.00033020973205566406
0.00032591819763183594
0.0003116130828857422
0.00030994415283203125
0.00034308433532714844
0.0003235340118408203
0.0003142356872558594
0.0003161430358886719
0.00030994415283203125
0.00031685829162597656
0.0004353523254394531
0.0004794597625732422
0.0004088878631591797
0.00041294097900390625
0.0004239082336425781
0.00041794776916503906
0.0004010200500488281
0.0004105567932128906
0.0004208087921142578
0.0004172325134277344
0.0004825592041015625
0.0004150867462158203
0.00042748451232910156
0.0004220008850097656
0.00047135353088378906
0.00041866302490234375
0.0004277229309082031
0.00041675567626953125
0.0004115104675292969
0.0004892349243164063
0.0004239082336425781
0.0004222393035888672
0.00041413307189941406
0.0004916191101074219
0.0004985332489013672
0.0004112720489501953
0.0005023479461669922
0.0004374980926513672
0.00043487548828125
0.00042748451232910156
0.0004901885986328125
0.0004220008850097656
