0.005140066146850586
0.0006525516510009766
0.0007693767547607422
0.0008885860443115234
0.0009980201721191406
0.0011012554168701172
0.001191854476928711
0.0013308525085449219
0.0014348030090332031
0.005257606506347656
0.0016372203826904297
0.0018129348754882813
0.0018672943115234375
0.0019500255584716797
0.0020685195922851563
0.002225637435913086
0.002402067184448242
0.0024678707122802734
0.002506256103515625
0.0026929378509521484
0.0027632713317871094
0.0036613941192626953
0.003144502639770508
0.003175020217895508
0.0036733150482177734
0.0034058094024658203
0.0034360885620117188
0.003613710403442383
0.003662109375
0.0038149356842041016
0.003992557525634766
0.004077911376953125
0.0042383670806884766
0.004353761672973633
0.004232883453369141
0.004477024078369141
0.00463557243347168
0.004712820053100586
0.005285024642944336
0.004939079284667969
0.005183696746826172
0.005068302154541016
0.005395174026489258
0.0054743289947509766
0.005385160446166992
0.0055735111236572266
0.0060558319091796875
0.005756855010986328
0.0059278011322021484
0.005807161331176758
0.006093025207519531
0.006086826324462891
0.006311178207397461
0.006464719772338867
0.0065326690673828125
0.006534576416015625
0.006558656692504883
0.006921529769897461
0.006869792938232422
0.007081747055053711
0.007348537445068359
0.007444620132446289
0.0073435306549072266
0.007935285568237305
0.007601022720336914
0.007807016372680664
0.007893800735473633
0.007892131805419922
0.008064746856689453
0.008114814758300781
0.008877277374267578
0.008292198181152344
0.008591651916503906
0.008392810821533203
0.00848698616027832
0.009084701538085938
0.008772134780883789
0.008911371231079102
0.00955510139465332
0.00890207290649414
0.009844303131103516
0.009242534637451172
0.009404659271240234
0.009603261947631836
0.009651899337768555
0.009493350982666016
0.009786128997802734
0.009977102279663086
0.010071039199829102
0.01017141342163086
0.010473012924194336
0.010704517364501953
0.010588407516479492
0.01077723503112793
0.010501384735107422
0.010504007339477539
0.010779142379760742
0.011339664459228516
0.010772466659545898
0.011016607284545898
0.011121988296508789
0.011015653610229492
0.011214971542358398
0.011688709259033203
0.011430025100708008
0.011726617813110352
0.011425971984863281
0.011826276779174805
0.011960983276367188
0.012105464935302734
0.011893510818481445
0.01207876205444336
0.011654853820800781
0.012545108795166016
0.01291203498840332
0.012175321578979492
0.012202978134155273
0.01228189468383789
0.012683629989624023
0.012838125228881836
0.012416839599609375
0.012463092803955078
0.012735366821289063
0.012764215469360352
0.012884855270385742
0.012609004974365234
0.013047933578491211
0.013004779815673828
0.013120651245117188
0.013277530670166016
0.01329183578491211
0.013353586196899414
0.013791084289550781
0.013514995574951172
0.013596296310424805
0.013577699661254883
0.01365208625793457
0.014690637588500977
0.015176057815551758
0.014209270477294922
0.014152288436889648
0.01417851448059082
0.01392507553100586
0.015529155731201172
0.015370607376098633
0.015141963958740234
0.015105485916137695
0.014829874038696289
0.014610528945922852
0.015816450119018555
0.016302108764648438
0.015970945358276367
0.015801191329956055
0.015681743621826172
0.015538454055786133
0.015897750854492188
0.016284465789794922
0.01662588119506836
0.01638317108154297
0.016699552536010742
0.016315460205078125
0.016513824462890625
0.016116619110107422
0.01647210121154785
0.016150951385498047
0.0164339542388916
0.016852140426635742
0.017238140106201172
0.01713395118713379
0.01702570915222168
0.01688075065612793
0.017035961151123047
0.016576051712036133
0.016822099685668945
0.017363548278808594
0.01739335060119629
0.017522096633911133
0.01741790771484375
0.01738286018371582
0.017411231994628906
0.017875194549560547
0.01859879493713379
0.01814723014831543
0.017936229705810547
0.018255949020385742
0.01806497573852539
0.017880916595458984
0.018633127212524414
0.01839756965637207
0.018482685089111328
0.01853013038635254
0.018990516662597656
0.018093585968017578
0.018728971481323242
0.018725872039794922
0.018903255462646484
0.019007205963134766
0.01851677894592285
0.018268108367919922
0.018375635147094727
0.018518924713134766
0.018725872039794922
0.019106149673461914
0.019395828247070313
0.019082307815551758
0.018900632858276367
0.01920461654663086
0.01900959014892578
0.01906442642211914
0.018702030181884766
0.01861119270324707
0.0186920166015625
0.019219160079956055
0.018343210220336914
0.018807649612426758
0.019038915634155273
0.019259929656982422
0.018882274627685547
0.019269704818725586
0.019918203353881836
0.018996715545654297
0.018833637237548828
0.019008159637451172
0.019824504852294922
0.020055294036865234
0.019640445709228516
0.019586563110351563
0.020282745361328125
0.0197908878326416
0.019853830337524414
0.01984381675720215
0.019885778427124023
0.020062685012817383
0.020151376724243164
0.019704818725585938
0.019895315170288086
0.020166635513305664
0.019908666610717773
0.01967477798461914
0.020413875579833984
0.02087116241455078
0.020658254623413086
0.020410537719726563
0.020431995391845703
0.020618677139282227
0.020837783813476563
0.020017147064208984
0.021094322204589844
0.021121740341186523
0.021032094955444336
0.020863056182861328
0.02134418487548828
0.02083420753479004
0.02068161964416504
0.020311594009399414
0.021780967712402344
0.021279335021972656
0.02153182029724121
0.021706104278564453
0.02137160301208496
0.02163243293762207
0.021900415420532227
0.021713972091674805
0.02179551124572754
0.022122859954833984
0.021791458129882813
0.021659135818481445
0.021658897399902344
0.021936416625976563
0.022219181060791016
0.0225217342376709
0.022008895874023438
0.022464275360107422
0.021945953369140625
0.022684097290039063
0.022233963012695313
0.022071361541748047
0.021938562393188477
0.022319316864013672
0.022010087966918945
0.022165775299072266
0.022162199020385742
0.02312946319580078
0.022414445877075195
0.022182941436767578
0.023561477661132813
0.023380517959594727
0.02297806739807129
0.0224761962890625
0.023049592971801758
0.022872447967529297
0.02285623550415039
0.02273845672607422
0.022312164306640625
0.02260112762451172
0.022259950637817383
0.0223391056060791
0.022457122802734375
0.02271747589111328
0.022340059280395508
0.022494792938232422
0.022540569305419922
0.022497892379760742
0.02260446548461914
0.022221803665161133
0.022403478622436523
0.022459745407104492
0.022504568099975586
0.022439002990722656
0.022556543350219727
0.023082256317138672
0.022611618041992188
0.02249455451965332
0.022772789001464844
0.023090124130249023
0.022474288940429688
0.02311253547668457
0.022872447967529297
0.022342681884765625
0.02267742156982422
0.02214503288269043
0.023389816284179688
0.02391815185546875
0.023963212966918945
0.02347278594970703
0.023153305053710938
0.023526906967163086
0.02354598045349121
0.023260116577148438
0.023751258850097656
0.02385115623474121
0.02368783950805664
0.023971080780029297
0.023433446884155273
0.024610042572021484
0.02418994903564453
0.023817062377929688
0.024053573608398438
0.02417588233947754
0.02425837516784668
0.02433323860168457
0.024127721786499023
0.023550748825073242
0.023606538772583008
0.02362966537475586
0.02379131317138672
0.02392268180847168
0.023754119873046875
0.02536153793334961
0.024039030075073242
0.023777246475219727
0.023683786392211914
0.024005889892578125
0.024199962615966797
0.024059057235717773
0.024944067001342773
0.024761438369750977
0.02520442008972168
0.025272369384765625
0.0250093936920166
0.025472640991210938
0.02528238296508789
0.024828195571899414
0.0251922607421875
0.024933815002441406
0.02484607696533203
0.025264263153076172
0.02524876594543457
0.024994611740112305
0.025168180465698242
0.02487039566040039
0.024849414825439453
0.02498006820678711
0.02473592758178711
0.025209665298461914
0.024979591369628906
0.024825096130371094
0.024988651275634766
0.026903629302978516
0.024951934814453125
0.025452136993408203
0.025441408157348633
0.024962902069091797
0.025400400161743164
0.025254249572753906
0.025125980377197266
0.025299072265625
0.02506422996520996
0.02536940574645996
0.02523040771484375
0.02521657943725586
0.025354862213134766
0.0257568359375
0.025285005569458008
0.025463104248046875
0.02490520477294922
0.025115966796875
0.02525639533996582
0.025208234786987305
0.02501702308654785
0.025266408920288086
0.024860382080078125
0.02546405792236328
0.025253772735595703
0.024916648864746094
0.025454044342041016
0.02560901641845703
0.025753498077392578
0.025358915328979492
0.02557229995727539
0.025136709213256836
0.02528095245361328
0.024862051010131836
0.02520155906677246
0.025123119354248047
0.025094270706176758
0.025377750396728516
0.02539372444152832
0.025152921676635742
0.026282072067260742
0.026740550994873047
0.02709650993347168
0.026462316513061523
0.02688121795654297
0.0266878604888916
0.025870323181152344
0.026773929595947266
0.02648019790649414
0.02630329132080078
0.02688312530517578
0.026305198669433594
0.02673506736755371
0.026425838470458984
0.0262753963470459
0.026472091674804688
0.026409387588500977
0.02638387680053711
0.026373624801635742
0.026390790939331055
0.026150941848754883
0.026275634765625
0.026201486587524414
0.026212215423583984
0.026629209518432617
0.027168750762939453
0.02632904052734375
0.027070999145507813
0.026859283447265625
0.02709817886352539
0.027322769165039063
0.02712392807006836
0.026897192001342773
0.02739572525024414
0.02730417251586914
0.026892662048339844
0.02732563018798828
0.027195453643798828
0.02684473991394043
0.026841402053833008
0.027072906494140625
0.027652263641357422
0.02797698974609375
0.02766108512878418
0.028091907501220703
0.02874588966369629
0.027408599853515625
0.027693510055541992
0.027354001998901367
0.027490854263305664
0.02753734588623047
0.027082204818725586
0.0272371768951416
0.027372121810913086
0.027440309524536133
0.027672290802001953
0.03132891654968262
0.028238296508789063
0.02847146987915039
0.02826070785522461
0.02807164192199707
0.02811908721923828
0.028268814086914063
0.028002262115478516
0.02833390235900879
0.0278165340423584
0.02774643898010254
0.028033018112182617
0.027728557586669922
0.027747392654418945
0.02785325050354004
0.027554750442504883
0.02854609489440918
0.028508901596069336
0.02846384048461914
0.028774261474609375
0.028356075286865234
0.02801990509033203
0.028550386428833008
0.02975773811340332
0.027959585189819336
