8589934592 -0.390476190476 0.0013419007518092553 -0.001152073732718894 0.20796460177 0.0669403471717179
8589934593 -0.704896285576 0.009460604648224473 0.0053404539385847796 1.97789841024 0.10200449971937023
8589934594 -0.452116141732 0.009702801989802907 0.004331042274738725 1.09161091096 0.06084148911664457
8589934595 -0.801207327227 -0.00012113672965493276 0.0 0.813455657492 0.06793476978389913
8589934596 -0.498259860789 0.00018154073427123496 -0.0011198208286674132 0.165636588381 0.04958146525162491
8589934597 -0.709850629698 0.009691603140815457 0.005170955330586405 1.99353766617 0.10258211751288968
8589934598 -0.337719298246 4.318340224560152e-06 0.0 0.142857142857 0.04024443039605491
8589934599 -0.769119158455 0.013884407475864504 0.004342477731833474 4.6647260274 0.21408044347936023
17179869184 -0.369274136716 0.0012954238368158885 0.001076426264800861 0.233009708738 0.06579238215123435
17179869185 -0.873991230857 0.006052054273213546 0.005559756260285549 0.195158850227 0.04798373007512362
17179869186 -0.871397227486 0.00672274117463862 0.005695561221154475 0.140495867769 0.04925157890320493
17179869187 -0.662377243481 0.0030621933738127606 -0.001941747572815534 2.02871794872 0.11308579913869884
17179869188 -0.494665918024 6.238855554179677e-05 0.001092896174863388 0.177826564215 0.05026395694939279
17179869189 -0.800200216902 0.0071826359899192106 0.003687190282553837 0.892474811083 0.06366879988853788
17179869190 -0.356194690265 -3.1183486777780725e-05 -0.001145475372279496 0.108851674641 0.040332461931711146
17179869191 -0.407493755204 0.009262008043423926 0.00452020169061634 0.98100521096 0.064206058865907
25769803776 -0.365965834428 0.0014531927863336658 0.0 0.23 0.06711851480556313
25769803777 -0.905611537395 0.003485338545466065 0.0 0.670874661858 0.09925587089864515
25769803778 -0.500192381685 0.0035357466096825863 0.004143646408839779 0.941000746826 0.09401045473181142
25769803779 -0.749155812832 0.003851232772033505 0.0 1.90677966102 0.1286488475780025
25769803780 -0.330201342282 0.00011298265543683657 0.0 0.221 0.043167895622243053
25769803781 -0.897943107221 0.001628494777324446 0.0 1.2287275566 0.08660056568476424
25769803782 -0.373750832778 -0.00010795042392447118 0.0 0.174863387978 0.04010047655177661
25769803783 -0.920783540717 -0.0005891704374184363 0.0010643959552953698 0.313793103448 0.0529474287580446
34359738368 -0.295925661187 0.0021518719105781143 -0.0028929604628736743 0.235151515152 0.07584259460657264
34359738369 -0.890374627031 0.0036376249492106223 -0.0010319917440660474 0.82428115016 0.09998593234817048
34359738370 -0.844665638581 0.0033962701328132546 0.0008340283569641367 0.486536675952 0.10423174302233469
34359738371 -0.772163527791 0.0013364682571330969 -0.001976284584980237 1.62287334594 0.09352547073908873
34359738372 -0.343994314144 0.0003880315590087004 0.0 0.144420131291 0.04611829284666584
34359738373 -0.852075775897 0.0023947110143645533 0.00186219739292365 1.55924978687 0.09930150322332434
34359738374 -0.306152705708 -1.2357212354605702e-05 -0.0011074197120708748 0.136363636364 0.038921442856281276
34359738375 -0.879815100154 -0.0004009402066252903 -0.0008006405124099279 0.279176201373 0.05471274000435529
42949672960 -0.405037440436 0.0008910385969370496 -0.0010482180293501049 0.275 0.05844445045123675
42949672961 -0.807292650671 -0.00015759957412981218 -0.000992063492063492 0.2002002002 0.06331207183406548
42949672962 -0.87508189561 0.0036705157748550513 0.0009380863039399625 0.627059843886 0.08910619040869709
42949672963 -0.84769280413 0.0012073545213105532 -0.0010515247108307045 1.80681818182 0.09929078685834894
42949672964 -0.384243261921 0.00018508106968197238 -0.00322234156820623 0.315906562848 0.0471956570788195
42949672965 -0.57694103003 0.007989244363002723 0.003458292986581823 0.644291395868 0.05203541918091108
42949672966 -0.345534407028 0.00010088541896267736 -0.0022624434389140274 0.175891758918 0.04362357831483538
42949672967 -0.750037498125 0.0072862144093072175 0.0030025469074935157 0.244932844933 0.04507353577205714
51539607552 -0.442131047152 0.0009454487573915887 0.0 0.243797195254 0.06310905841285225
51539607553 -0.89439822518 0.0002035140869064231 0.0010131712259371835 0.227125941873 0.06893215479968418
51539607554 -0.882281952825 0.005733662431908045 -0.000354735721887194 0.698653198653 0.1105088817086545
51539607555 -0.87304605965 0.010089674336772882 0.004626449815330785 2.6643403124 0.13379983072965518
51539607556 -0.506842372022 1.1290667492803653e-05 0.0 0.186895810956 0.05134156606831754
51539607557 -0.810660055779 0.006964350292747722 0.003035738926452325 0.501704158146 0.05807687643140274
51539607558 -0.678794178794 0.0028793415845909972 -0.003329633740288568 2.12 0.10899042845156709
51539607559 -0.809167033936 0.00693294710209771 0.0032348184090574914 0.196263125386 0.04692909624850415
60129542144 -0.700132978723 0.0005960522055304282 0.0010482180293501049 0.355434782609 0.06772279996344586
60129542145 -0.888950459936 0.003033321314051648 -0.0038948393378773127 2.03891050584 0.12254252307550362
60129542146 -0.88042752171 0.0006141891468615906 0.0 0.223443223443 0.07751512913386586
60129542147 -0.837205550177 0.003902265126503651 0.0 2.13255567338 0.1379481367070586
60129542148 -0.660725858717 0.002954415011038358 -0.000998003992015968 2.05242334322 0.1053870605111224
60129542149 -0.909767018289 0.0011176188870394667 0.000856898029134533 1.59437086093 0.09514573907792578
60129542150 -0.328974535444 2.299680971948704e-05 -0.0010330578512396695 0.149543378995 0.03973556998256689
60129542151 -0.868986254296 -4.273695720429825e-05 0.0015325670498084292 0.373965387509 0.059054363589500204
68719476736 -0.984059633028 -0.0007205083130544157 0.0020297699594046007 0.139762403913 0.06193004445190781
68719476737 -0.987544038336 0.0033537317480686816 0.0 3.13838120104 0.15441519905559434
68719476738 -0.985324004964 -0.001096810811486809 0.0011344299489506524 0.15768115942 0.05829393338778912
68719476739 -0.987720886954 0.013892014640386951 -0.0013531799729364006 8.65360824742 0.39287464847373366
68719476740 -0.984095174107 -0.0009338609057403003 -0.0006891798759476223 0.140692640693 0.0613443077191645
68719476741 -0.986140377172 -0.00011950592630402852 -0.0005875440658049354 1.15169194866 0.07743752033165155
68719476742 -0.984382341754 -0.001011068219246332 -0.000731528895391368 0.130970724191 0.06206890270162729
68719476743 -0.985565959505 -0.000728300180447243 0.0005730659025787965 0.421393841167 0.05689310608776178
