0.8921833340567549
0.11521218631159436
0.10711963854848772
0.11038642310925413
0.09974989331314846
0.09595146147393449
0.09573757275136406
0.08975413264550354
0.08748984629089016
0.0835874504575767
0.0759960553705054
0.06269898638492866
0.061218806356558006
0.05146677905109595
0.04956299819586707
0.04786466614504635
0.046259660066875874
0.04437288700220059
0.04250342575524798
0.041361656753619525
0.039510514730495314
0.040242804310351224
0.0402851638666174
0.03973366653047486
0.039039121395422864
0.038489081506693494
0.03694737961531559
0.03682882740820727
0.03666805296508537
0.03647297920892664
0.03605424267634712
0.03402044820358057
0.03313301203721808
0.032949461927612084
0.032795903286083665
0.032522813357809995
0.03310487739498142
0.032191662275362284
0.03240266434968725
0.033827559735173915
0.03372585766253665
0.034723447389887835
0.034673789354236526
0.03586654320276316
0.03580509535025772
0.036071527302444104
0.03477346545040419
0.034713807772818045
0.03451520609182064
0.03332305025339783
0.03270823739343019
0.03298357354214648
0.0325854433954374
0.030664888617398543
0.03085312691632397
0.03052315856224647
0.03134930259923478
0.03159538150205766
0.03180162142783255
0.030442259125779147
0.030172427043412733
0.029871718870051522
0.02985230705868735
0.029438559655612498
0.02889241660277425
0.029304214949265207
0.02951643837447639
0.028944369165821895
0.02875633773463812
0.028085084503870202
0.027973068260360754
0.028544621742213262
0.02908681116984323
0.02942817403168032
0.03037433930555971
0.029697326528277057
0.029957449659356646
0.030287363448879737
0.030223772382949595
0.03130470618239013
0.03211385047096289
0.03230345712475115
0.03136628591722131
0.03195657951654751
0.030531389356101186
0.03044038008153357
0.030594109655123103
0.030292133684491858
0.030636584885564776
0.03012171692295707
0.02947468133021489
0.02888355555387527
0.028972192243393077
0.02914236686170319
0.029432014262223215
0.029112751592841428
0.028649764800636888
0.028320432793331136
0.028086120705274786
0.027836850851279932
0.02803995600627579
0.02816557779075416
0.02815408192315886
0.027299160766714008
0.027307363318885898
0.02851745845994618
0.029075507042932918
0.029249916734471977
0.029448983273394798
0.029160692059620918
0.02937915314997032
0.028672656506818082
0.028567764384848246
0.02750663683299327
0.027904443720864817
0.02734348302364419
0.02640750000201518
0.02657678624254234
0.026952165706005542
0.02658479751752475
0.02718684361524961
0.027249358377680694
0.026799790469545323
0.02718843321279786
0.026600443019816386
0.025443649133218466
0.024951669240878056
0.025080376233901268
0.02517069536380761
0.027176088682069017
0.0267231831270546
0.027226691826178824
0.02796644048279383
0.027931460516266805
0.027541252845446514
0.02762035693946402
0.0268068434072476
0.02688807450717256
0.026091640506247987
0.025989037788809385
0.025333363417139564
0.02559740962626637
0.024905242587963585
0.02467553527894222
0.026150024498966806
0.02667505483209688
0.02664743636948314
0.02712614020477267
0.027735767031881714
0.027124526726621977
0.027168266091185105
0.027444193191993028
0.027483845635844807
0.02787525533215815
0.026661826187476645
0.027054862362335723
0.027230290866241704
0.027164079116461952
0.026967676486704353
0.027033526096498183
0.027628485324874146
0.027598455136517624
0.029007697899990647
0.028900925250831516
0.028458859263075016
0.028090802749019324
0.0280636100283453
0.028534328482566738
0.02847536946328851
0.02804250044336031
0.028572763234324824
0.029148238651195493
0.02861860842350287
0.029057629049783998
0.028299571926429817
0.02862757778255965
0.028547893620419477
0.028878073933816424
0.03032281634620284
0.03029741198117951
0.029891022768198126
0.029042960778653842
0.029532052988715404
0.03168987186433
0.0315337613143931
0.030857692090509092
0.031144293007541984
0.030386774234482758
0.029802814815102094
0.0300048089174532
0.0292318818271803
0.029264630577412402
0.027873284935029517
0.025484671158748827
0.025450407245057347
0.0246922931334484
0.024192651484394152
0.02515109133820194
0.02492750647823972
0.024758661239107367
0.025040088592526245
0.024778543675859906
0.02443086345161573
0.02324251026821487
0.024119294872235512
0.024424729707383974
0.024668979489651334
0.023711998274654464
0.02331318393583822
0.023538631481903875
0.04134004970791108
0.04122286099557032
0.04175085626958873
0.043201931616844116
0.042151513153675615
0.042626644487341964
0.042168744486132406
0.05038456607474437
0.05117433398156344
0.05156325314245568
0.03437352026599347
0.03464398525101709
0.034809600334386986
0.033707937833321794
0.03782436216326275
0.03830439068456752
0.03894487467142019
0.03088191661770956
0.030458027811125405
0.03058757234619224
0.03056535987966034
0.031203073217891834
0.03342528465138653
0.03346740017120623
0.03089220281488593
0.02958001447140134
0.028601695616588676
0.02828383343650258
0.030163173755249757
0.029040186895729563
0.02884464414163729
0.027797285987973333
0.027481996994127157
0.02805040671388501
0.027883035867469878
0.02922077109727602
0.029227737845904204
0.029679046202966117
0.0282001139031742
0.028183723924636986
0.029848551030591267
0.03056184857902932
0.03060782867858823
0.030785964960416762
0.030040038855796966
0.0289851670416712
0.029395719976621222
0.02928105782394199
0.029803403862854547
0.03183342305519832
0.030376391189548338
0.030468681511987866
0.030876790090759505
0.038127959312414146
0.037779476347194876
0.037689366090677495
0.045266296901690393
0.04529805597318452
0.043507588800017274
0.04330289353430948
0.043054551542223436
0.0437537129278754
0.043880352774176276
0.03741997961260179
0.038450904908161825
0.03849640615150904
0.030570558511818027
0.029821649961475266
0.029369104354134423
0.02838511107826861
0.028159237696878565
0.026470977392896406
0.02784316474307011
0.02821966898278784
0.027606037098477754
0.028084012369147475
0.02847499917790898
0.027728755269002234
0.02849951936791501
0.0289247779592921
0.028813310791110807
0.029343427379739932
0.027789912764542797
0.02667798300140746
0.028831778962330315
0.029082580269842163
0.028848018444948578
0.029294524749126534
0.02950023285912253
0.02944326394408238
0.02950422963369692
0.029268516945562623
0.030237058771514377
0.030692785070587213
0.02847360189122117
0.029302680633773698
0.030996784333400702
0.03011842284540485
0.029476058281554016
0.029942509631993228
0.02991765192083265
0.02996476670416838
0.030027063320176288
0.02998518976760428
0.03004002826803675
0.02931157029460468
0.028796468362358246
0.028224630841338864
0.031351264795563404
0.03191108356038377
0.031415485062097015
0.03135273221036232
0.030244908953291336
0.03017871334620277
0.03039935762387245
0.030250936096203357
0.030046659703800015
0.029929579856693506
0.027143404626806866
0.026910910924996936
0.02686068084069454
0.026582620593710103
0.02725637322780198
0.028603965459068646
0.030129772677571953
0.03078419622257196
0.030508173497156295
0.030856354925929794
0.03133204835887987
0.03178704470006835
0.03241388970715431
0.0334569598834962
0.033030315617080155
0.033866987440461085
0.03368377017873162
0.03368873144370216
0.03395068329291411
0.033346521481543906
0.06427709532627057
0.06371519102560448
0.06357847515239129
0.06314852882403188
0.063555307526994
0.06215772319008903
0.06251013568108896
0.06274044906751189
0.06231477150049457
0.06236795196757481
0.03076325666184066
0.030260161320428643
0.030053003433098944
0.03367263012773431
0.033295495293423724
0.03347551985668447
0.034105758674429415
0.03358077172651593
0.03385742900908204
0.033256280558253096
0.03337309559299763
0.03296528575143285
0.03168097963682697
0.030633068647145968
0.03345954313735566
0.034042103850859984
0.034170413431061405
0.03356024771713865
0.03140143651894746
0.0295045649854984
0.030628945790736238
0.029814032126172063
0.030759967398097582
0.03017064138506738
0.030260195455288862
0.030085330446792024
0.030239258325466825
0.030672709948720015
0.030792541531936425
0.03169166180905508
0.031434984870074775
0.03155201303282686
0.030977588802444844
0.03286295577981305
0.03275959535181679
0.034400890405041254
0.03402337080305233
0.0332332221378404
0.03357310196091753
0.03477131324571396
0.035819199635349123
0.03572989736872939
0.03488206582173134
0.030810124894151334
0.030655029500022076
0.03034691667292957
0.029129163041553482
0.03037943719001094
0.03127041619536486
0.031084285529318502
0.030949204090461858
0.030137737546633382
0.03509074884698913
0.036150176028777015
0.03578077634846303
0.03568861014898936
0.03626404983576413
0.03639634869711199
0.036660112434240735
0.03656268673275077
0.03808589947562813
0.037186867863253315
0.03435931627450429
0.03449491264069604
0.033469425181884366
0.03509261901062443
0.03500127457122208
0.03509846916617342
0.04170549773834126
0.04157496234156649
0.039112585926498744
0.07241059084748233
0.07215638756466874
0.07109696410572383
0.06952068610471446
0.06879216960232296
0.06862846924100235
0.06789381070966406
0.061238654594679684
0.0622696473145931
0.0635077772949283
0.029666497532136564
0.028564230164892845
0.028324996419101068
0.028852242895653055
0.028823140963393966
0.028453389333873043
0.027758860049651213
0.027808725771117336
0.027672106033939756
0.026490860860799336
0.026440683362896913
0.026926390687393366
0.026832508170725126
0.02633229667299895
0.02675801616206712
0.0272851604327594
0.02830907188145021
0.02818597167882154
0.028163149485241186
0.02794654616842023
0.028586238233866197
0.03012432802024915
0.030950990443916748
0.033553341157149745
0.033887346211385866
0.03430982215842597
0.033488183747756174
0.034960419348691145
0.03448083502756986
0.034055930975473964
0.033988344741246596
0.03358691389122971
0.033631584794927005
0.032766536938758646
0.033097785934816146
0.03299984291914424
0.03295438188763083
0.03241090594375348
0.0316556388921838
0.03312746931579663
0.03285545201220503
0.031904527268480684
0.03152709028806135
0.03128261412752977
0.03243883312660856
0.03388163586019257
0.03552027460114541
0.035464552827045956
0.0362132085911951
0.036423576014763946
0.03685643867123293
0.03813130407879018
