0.7735777820291255
0.058631700796565656
0.057994354448417273
0.05252783760054834
0.048689633050205836
0.04579418499279679
0.0591437093764286
0.06986078870187835
0.061850263748091175
0.07203806265293586
0.06101930512879226
0.045098616026207426
0.04981071749093646
0.03732452476898433
0.03992124391271367
0.037872975111538046
0.031693811838031466
0.030682011198378496
0.028975502890059283
0.02962969295794196
0.028464560344759332
0.029392918067779578
0.030212847163167966
0.02731613710883614
0.024545658853005435
0.024132242749312117
0.020679232068475314
0.023932585443682906
0.026816538889077826
0.02783313364539368
0.02864232903420499
0.025787621713291516
0.0236128246941818
0.022612359533959348
0.022030095002021792
0.022568168977441103
0.022803008140894768
0.021257078019343803
0.023084012252207613
0.022943375755970715
0.024029117112146413
0.023610254406136223
0.023593804161289894
0.02233778095836636
0.02259035520994583
0.02630567456482403
0.02390102334285324
0.028011432007606845
0.02782816191182924
0.02904825702592575
0.02835160776852848
0.028164859452546306
0.026311542772738505
0.02264247551812379
0.021076099851711473
0.019196093918433944
0.021273922310175993
0.022980684764470048
0.025573629048382732
0.022329969374133847
0.02336051459076246
0.021390844342017854
0.024450700397026046
0.025318718014145956
0.022778089694570652
0.02181210442271536
0.02197107500294431
0.022144594023307883
0.022289833337624906
0.02069857011230101
0.020916411589936526
0.021493420869179075
0.022129705707915677
0.022875017102335776
0.0224895285806134
0.019778573620509048
0.019650779765584235
0.022229225298729192
0.023067546073073923
0.024972642654359133
0.02551705314864312
0.025099071912682396
0.02239179467997134
0.024579141150164192
0.022641636350384672
0.023302181767806594
0.024945015647690107
0.024643063941708572
0.026902756338593584
0.025146638087115897
0.023276572072537874
0.0232680307571697
0.024804440440038034
0.024164901569414907
0.02471947113531056
0.024729235753705767
0.021157829834572518
0.020592154488882682
0.022685939149361886
0.022923390920308803
0.024237170108181605
0.025279317990642987
0.02448956557785443
0.02194143155890232
0.021018570635054502
0.021581652777389927
0.021355347814154896
0.020612523666935854
0.023615265072790517
0.023058787796548665
0.022753668177038677
0.02452643507857232
0.02569489615432905
0.025329039027446584
0.024745950736276744
0.022853774094386888
0.02249738843133512
0.020260343283227567
0.021019859077940566
0.020417752648521838
0.021442382268332217
0.021751357821299055
0.021497301742944726
0.02299480493967906
0.022254321148680114
0.020510240962097664
0.021420855048626064
0.021160352270742387
0.018564555625069337
0.02073214818576891
0.019489972129083558
0.019558909472516386
0.020725574247550272
0.01991838855631467
0.019224456990231276
0.023643420728186794
0.02304374008824344
0.023420585396521004
0.0233660048575101
0.022607387327553914
0.022464747082447306
0.022098846954871226
0.021330227172543827
0.02019211189164003
0.01849965532290317
0.019860424206564038
0.01932148921986318
0.02036663261164364
0.021140776585102678
0.021342001982807637
0.02511488119482374
0.024648965536283925
0.024126937071110948
0.02366593333818547
0.021092343455493177
0.021166914985468594
0.02045772393831118
0.021920619440497953
0.020832851668744254
0.02191264565280307
0.022239506160097906
0.02400021804773087
0.022268463259282962
0.022195130555618007
0.02283893759014855
0.021669109063489525
0.020972181370994707
0.021985820786308414
0.023182739342824686
0.02331038967096839
0.0245009027064144
0.024533589580124446
0.023521927107380013
0.02365013332075639
0.022049863297281327
0.021167790238606807
0.020825658403150704
0.023073609703042813
0.02455656437226304
0.02761688894457722
0.025541059354536773
0.02412657911070328
0.023348766362467056
0.02337562035444996
0.025073149446400614
0.024061040524513872
0.024206215323065737
0.02308518484005818
0.02286790385677458
0.028465249820368813
0.025920488220227904
0.027437734309678788
0.026322393456130713
0.021036508083113442
0.023541589342508405
0.021776906729565608
0.019954331797303097
0.020276683713766813
0.01954552893237764
0.0197919170115404
0.020613793169911594
0.02038058817438619
0.019929241306924188
0.02075592846141683
0.021657003154807057
0.02178525106415288
0.02285184428064535
0.020383809703390918
0.019393295302770584
0.01875835596966221
0.01993858134202423
0.02130635693415135
0.021717297459848454
0.021187448207615617
0.017830006833669813
0.01903836332689732
0.04093502073175552
0.04048181697455436
0.04046910858510554
0.04272897324765961
0.023335086241185184
0.02529706265697356
0.02516050890689031
0.031936547869175234
0.03140892083185564
0.029760379891690142
0.03185680071142945
0.02130586695406214
0.02107446058205875
0.020554768567591412
0.027059293915390692
0.02850583676486511
0.026780352818695563
0.02776511729119821
0.02418068813839013
0.02284710669793622
0.023041971638193097
0.023573789060868856
0.027850498498134958
0.025152544690959518
0.026414711245101655
0.021597811714739144
0.018683221351952703
0.01963227235724896
0.023790664370032393
0.02380545493849453
0.02273436120966508
0.025104771119655245
0.02339373878830302
0.020846363418766743
0.02278288268718731
0.024059724660476685
0.022421228563601212
0.02382166950973393
0.023630151113432765
0.02330779494832623
0.023649690215078515
0.02656742740824576
0.027908399861011027
0.028046310956325784
0.02379706302551096
0.02294292153916582
0.02259678632431801
0.02220264203288278
0.021709550739805655
0.026868316362206622
0.02571086182300996
0.025746329703976303
0.025968918183885862
0.032010378044357315
0.02995031182011503
0.02905317466766537
0.03641607081150728
0.030036640595300285
0.031807048582714825
0.03386207673324461
0.02715325120783865
0.02771408425912297
0.02687284462473606
0.024059826972798112
0.026547860532764367
0.02271770405186033
0.02012277746032451
0.01985593825299138
0.02054509573074082
0.02275516055730506
0.022839676403291403
0.02163199339275426
0.023942843368495302
0.023549079068169828
0.023970227487907177
0.025947541765659443
0.02397762720468699
0.022567774490539344
0.024217377727172234
0.025145044455273373
0.024695431417896527
0.024638945569763922
0.022695216323250455
0.020568262763379266
0.026493185152006778
0.02528994510323497
0.02582153861233922
0.026653534197695943
0.025217091384900355
0.02551586419776425
0.025659003332778867
0.021969198046402447
0.02247880819615299
0.023041005943579627
0.023518759330756166
0.023951257705896796
0.027151863777246103
0.02860072596169307
0.02787750992744508
0.026089249754052787
0.023718670941361014
0.023535928102919004
0.024321455971013702
0.024389477133482475
0.023690861947280522
0.0243853230829714
0.02202684374318989
0.022240813414361044
0.02818308297247775
0.029444759085299723
0.027785886940923238
0.02575699017157069
0.0213010175169246
0.0223951451038917
0.02148240724237215
0.0211322224334861
0.022937238495743514
0.023574259432469036
0.02352820827881632
0.023620258322543625
0.023835343603719677
0.023913390697258625
0.022727729895346237
0.025220824903567474
0.027758397606455175
0.02830464613629142
0.0262599450936837
0.02655055847307885
0.027709705493725454
0.027494295801327225
0.028373850311818053
0.030226986318892812
0.028847131642270925
0.02776639832283167
0.029590193673148083
0.0291485046124343
0.02859372455627109
0.02600260598855517
0.06378439599762512
0.06556226765629894
0.06482626797566944
0.06296042107269068
0.025041179243698454
0.023064609787297755
0.022984177753495885
0.028349528072667322
0.027386811720210912
0.027442705831228653
0.02589004904389959
0.02608996002308146
0.02438672381348079
0.028428220611078088
0.028322649032158077
0.027701914872657274
0.0284024929131894
0.02761879392105355
0.027602957850926577
0.023975829936815456
0.025600046902534063
0.026728707053235427
0.024765607452916304
0.020457862239213403
0.026872527910495766
0.027634689506986995
0.027340239679375156
0.025231421078093896
0.023290093022246952
0.022823213466332516
0.022455888922981386
0.022741115588546103
0.02572797847756416
0.028445987447143134
0.02850376903404042
0.027786064230083004
0.0284424326155997
0.027576614671746307
0.024993501340048605
0.027049936580203042
0.02652467485747679
0.02434493199220501
0.024399740729466424
0.029824745791278296
0.03050853890495303
0.03173698300603382
0.03346095964193814
0.026075348611580194
0.025611496589104697
0.026720532669272143
0.027618590211503136
0.027289142460976176
0.026385284801202086
0.026060518334471268
0.024771335573440866
0.02354097464372558
0.022784214235804116
0.024322700896767656
0.024353649744094954
0.02506319157080982
0.026284666843611824
0.022873251064945005
0.028591108359748887
0.03145379435487152
0.03270579173638079
0.032141458995157024
0.027354089217616832
0.028692075714432216
0.027910191510467183
0.030140969773282483
0.030441480994398796
0.0297378112957322
0.029596174148278663
0.03171192028852174
0.024810449980015803
0.026654204837117987
0.02672086632455927
0.02911375813782029
0.03604226294265301
0.032732721768909144
0.03385095870357932
0.06342318512625424
0.05530021344405426
0.056343266395381446
0.05580464776893296
0.022583910674488644
0.02112910097481722
0.023088917039905676
0.024749160614177063
0.025870210813934258
0.026646036392894625
0.025992139792517556
0.024664034435871694
0.024801942672489405
0.022803699636293015
0.021928767062980248
0.022067459144041374
0.020653007455958355
0.02132433565610714
0.021581829557579167
0.021893525175057393
0.02361475074506053
0.023528971355542036
0.024207534465359934
0.023093168817939696
0.020617876344560825
0.02074820824421974
0.020831484245892082
0.022147348408227775
0.022627190300541965
0.023472726905076027
0.025608911686797364
0.02738143601268178
0.02557440556668597
0.028078196303487978
0.02764227301593102
0.026741321006307477
0.025973087867804435
0.02732674428212689
0.029815530004813906
0.030082521065827775
0.03040718929084248
0.02936420875541843
0.027926186645996845
0.027494523944484203
0.026637203266242797
0.02377821774559261
0.02323024702998102
0.025340773071228076
0.02553789756191443
0.029809371980087176
0.02978083424096535
0.0274390686949301
0.025224495903936266
0.02340153327744156
0.024127120014019794
0.02823042679336367
0.030509119834356377
0.029807591343973313
0.03533216981920577
0.03261853469347853
0.033248557359129294
0.03383196988695852
