0.6966076248226225
0.05021875494699494
0.04638263426417209
0.04673649972076874
0.03429115083171411
0.04117279046909164
0.03770893474625939
0.048738316007072464
0.05680938129544746
0.05551739516563535
0.05537755457592153
0.03871365134132365
0.04010988384545057
0.03280350090950072
0.031857703029613174
0.03568025089925137
0.028348816516315763
0.02697500785287888
0.023312985931750914
0.02577010777657985
0.023744933238059113
0.025930175294306235
0.026378963707177572
0.024715905237942905
0.021408880364672037
0.02168164749624956
0.017845362214493003
0.017479922997760012
0.022677241603374847
0.02342755105755217
0.0262561727860508
0.02365580498035876
0.02118736873213358
0.02016506951883889
0.018895661365714397
0.018222362224161265
0.021418264171530206
0.01861681807062486
0.019097528407518577
0.02026912721458181
0.0212220644298175
0.019941824789509534
0.020797443255229975
0.020718200459312306
0.019534790075588553
0.020861932118531736
0.02212272541633254
0.023287522581919132
0.02603277866542824
0.023398852504935105
0.026694824870457608
0.025899126182676716
0.02508522690649328
0.021796873477659615
0.018083739158197498
0.016483693227574876
0.016334020487216952
0.019068169003127453
0.022792608211942067
0.021600301410802467
0.020053043087289377
0.018310650590383296
0.020100826455575746
0.02346411932494317
0.022177223751821032
0.01941806326059113
0.019271561188249166
0.017663797417313828
0.021004646258717306
0.019877086408594813
0.017424834652581118
0.018297597691057953
0.01879207706537215
0.02044492331942898
0.02132949016414458
0.018318542060032618
0.0176637458127659
0.015842370333754283
0.021000195445639646
0.02182386707342754
0.021886599393288325
0.024011206571562065
0.019184364043884936
0.02132740214623267
0.020944397902496033
0.019090222911966936
0.022439477767295612
0.021596888306753746
0.024285198975148012
0.023858501237028602
0.0220509210933533
0.01867369154741856
0.021391328823464603
0.022268253857683218
0.021954336198964943
0.022264147643788673
0.019426376935498132
0.018061836990814865
0.019135208587901575
0.020112066576361755
0.02071142223984338
0.022586877279461917
0.023702133321284707
0.01891141476756358
0.018264346009382273
0.02004270561929452
0.01987319508638806
0.017557124083771542
0.019777358281512464
0.021475153424944212
0.01990876154412765
0.019518058921555493
0.022681541891719618
0.02211076519526875
0.023843668135136012
0.02134338996848413
0.01944230650476346
0.019120822513389396
0.01828478178258823
0.018556111820285107
0.019050614137208308
0.019522053965022972
0.018591318903380828
0.01950761686724651
0.020195405595087257
0.018461468225440626
0.01731053655591682
0.019851393606081784
0.017378936233976308
0.017773255252111757
0.01607011722140601
0.018558502104028513
0.018100368267184648
0.018802135359105507
0.01649371203243439
0.018500054864557566
0.02094484695397237
0.02206769911054955
0.021091197471766243
0.020339914035608822
0.021305587474728455
0.01854566688251679
0.01970725673284631
0.017405806837738805
0.018485933493060953
0.015141237524516954
0.018635988806824214
0.017817426464930307
0.018677925979311102
0.018125219151730397
0.021082548312323396
0.022625476031441112
0.02344217715610522
0.021059012657313633
0.01896457146426285
0.01849056655055025
0.020113134861234536
0.018412596940769754
0.019172286812491335
0.01873209537930417
0.019815874016893116
0.020581540649939507
0.02152048392539268
0.01980244622632791
0.020406516807630056
0.019751636033257424
0.01907634890850219
0.019832004073172163
0.01747470670420037
0.02081440078830147
0.02223530386952901
0.021553588641241003
0.020667554785296135
0.02114311054511824
0.020797349716700716
0.019871303025001917
0.018836532082679228
0.018633546482824625
0.021918048242371743
0.023208778463107323
0.025282656318273262
0.02313915916321612
0.021847851603963683
0.019500129145353703
0.021638327172250196
0.021843309256789067
0.022559747273274942
0.021778276553348574
0.018640145922908073
0.022222021508639
0.024794221085470566
0.026111215457644728
0.025141149766614444
0.017945803071289616
0.01976363670179268
0.01983849370036763
0.018551081076525464
0.018574308720821102
0.017705611363699733
0.015956605728531637
0.018537369967459187
0.019650567792685224
0.018030333435614984
0.017135495840768088
0.019300343480783196
0.020192724992673012
0.02087258551113002
0.01952472864601113
0.017870152527940733
0.017992407467371775
0.015544316468523342
0.01970323388994857
0.02029643611131773
0.019662889846461605
0.016791021600919488
0.016658567059294846
0.016739332733617114
0.040090007034969746
0.037777387101190024
0.03966013865902611
0.019228887341421502
0.023684382246512755
0.024541986734260657
0.020927572570003716
0.028102454383598277
0.027982246708832127
0.02978147812409392
0.019542929536618913
0.01861792401416706
0.017668075033839284
0.01897042150179033
0.026359656096157903
0.02656498258691303
0.026055537084392212
0.021987320389201856
0.021060399449824112
0.021519323524256624
0.020171454961086632
0.022053007471762517
0.024828622886109764
0.02392612933242668
0.022062496340654006
0.018230139025746033
0.017613442941023995
0.016708586187568333
0.02322745229145392
0.020553398223863213
0.02109272041459042
0.021047363025277592
0.01909213072376735
0.01866041109065994
0.02136523900158794
0.02159369339543476
0.020192664499147285
0.02246782726395327
0.020574282067032178
0.020820811830593755
0.022645600653618054
0.025013875443971635
0.026582951847337645
0.022904700390026622
0.021325215821130058
0.01999260130669942
0.02065915904900566
0.01922651017303476
0.01953065762243346
0.02369848557771328
0.024217708770211035
0.02115891973832874
0.022759909152493048
0.028411522784591782
0.026593300620942513
0.025642444746329953
0.025158481451742768
0.029184574880114007
0.02958562482375353
0.024206989653715212
0.02543477043216462
0.024659843177232126
0.022214655060848066
0.02345982067108964
0.022055907887228735
0.018880864845463044
0.018471143895367595
0.0175486095531852
0.019786444039249545
0.020935719194549784
0.020212263766893
0.02018972701722268
0.021747990130198243
0.021471997208442454
0.02325375359167791
0.021698606487795046
0.020565183619085197
0.021903909632549803
0.02322077730733531
0.023154495990034815
0.023117045108460757
0.02037406537235196
0.01863847338782708
0.019542216452279382
0.024716926030795786
0.02399162209568948
0.025326420287536695
0.022880892846045147
0.02467907573236907
0.023515169013854177
0.020336796284873206
0.020433596558348695
0.02078438150448853
0.021808912569190222
0.02191946834471451
0.020815555876407474
0.026930204165414504
0.02809307035711889
0.025357378304661858
0.02073242350910471
0.021420442537757666
0.021655325390076068
0.021813188007146805
0.022097065493647546
0.022614274586166935
0.01964862003587479
0.019782287781490354
0.021425860063928354
0.02647703839112823
0.02751664459859203
0.025026665673923153
0.017509885260215942
0.019522155054524343
0.020340557651145556
0.017232546482489126
0.020053747139438416
0.021915237553284582
0.021845082491328154
0.020602020657844958
0.02304861041040237
0.02193089714235887
0.02055765230755705
0.019523424118346826
0.0247788139738986
0.02611183546504003
0.02209725575471426
0.025333793167910387
0.025187139709216697
0.025373042908823574
0.026638870258622643
0.02582849029781705
0.02770237930813004
0.025934662797218504
0.025783224345818978
0.02769180730463904
0.02684354672302254
0.026052928301702836
0.021849939822741887
0.06258495646836787
0.06402593988884268
0.06191621125630199
0.02217448435761423
0.021711509453127865
0.021366933107974398
0.021920202792474
0.026253204972480636
0.02642919982189333
0.023473763050436636
0.02267372628998828
0.02247486903761185
0.01964806927509028
0.028318862922764282
0.025880458807614824
0.022671043472008275
0.026835993056586065
0.025290560577382652
0.023919772807091746
0.0206396571774026
0.024204918610607504
0.02460050381526977
0.017757436555843904
0.019993811192621523
0.02649842965735228
0.023721296087037998
0.023442501246095405
0.02315762744268484
0.021391753923940098
0.017633837398868632
0.022107944626881315
0.021282288043860904
0.024373783988564397
0.026893153067162612
0.02592932447411547
0.02473652752147703
0.02617654911971108
0.024625288092880872
0.023231039670275854
0.023897689005762182
0.02264014286832214
0.02271746737733825
0.022266921288981063
0.026281371036684202
0.02961920177703292
0.03110632759706889
0.0232260898604291
0.024522901882500663
0.02285153660457962
0.02383059495423962
0.02713274650855302
0.02482915938593818
0.022659100165363186
0.024088445031337717
0.021276620040960675
0.021849247451139378
0.02043801096432387
0.022051736443415904
0.022254781669437028
0.023151786760500073
0.021335024614074185
0.01952516235858836
0.027060151322983055
0.030397318300249915
0.030584743746845507
0.025211962346149447
0.023666780930021114
0.024711274270189203
0.028241553573656014
0.027790567991232442
0.029725012077829682
0.025904144592834667
0.029492482331670324
0.025092276734119713
0.022116448592020176
0.020560980199076078
0.025402298402069055
0.02543206271530419
0.031344021921786036
0.03226382155275294
0.02863117550281994
0.049981057951910976
0.052347962030027714
0.053401808162712866
0.017954443748851558
0.018642375287707555
0.01897089740818806
0.0215193665340605
0.023465658262502583
0.022138485009472984
0.024196025334124818
0.023952321509225733
0.022597826871673186
0.021255260129044357
0.019293757067843254
0.019875896996979996
0.019339079389381775
0.01717709009472817
0.01954213808880939
0.019488986257447476
0.02069966779162323
0.022007533821114117
0.02201441561638055
0.021246693514465724
0.019175551801617743
0.019155190586879582
0.01661303888666638
0.01893637158646483
0.021414262251098444
0.019158280460501536
0.021034417346555832
0.024659081776896047
0.023043349839541198
0.022473519889963184
0.025386918716142
0.024455083378733818
0.02525762756477569
0.020133502911031734
0.027220375504435686
0.027642062496607146
0.02905994130612697
0.025310544937654705
0.025945013235380034
0.02490389029260908
0.025711416523223403
0.02131140835556773
0.022117546874533787
0.01949978608163555
0.02330606953700551
0.024317037082974724
0.029742193144124168
0.025533131503124803
0.023674521318359003
0.021361511600104216
0.019705598323679283
0.021675023512508648
0.02756169983952971
0.026924382812398277
0.028397356920537374
0.029734374214850975
0.0312988332705108
0.03149516376877096
0.030919619786772552
