0 68719476743 0.027601242065429688
1 68719476743 0.00039839744567871094
2 68719476743 0.0003917217254638672
3 68719476743 0.0003979206085205078
4 68719476743 0.00039887428283691406
5 68719476743 0.00041103363037109375
6 68719476743 0.00039958953857421875
7 68719476743 0.0003941059112548828
8 68719476743 0.00040531158447265625
9 68719476743 0.0004017353057861328
10 68719476743 0.0003986358642578125
11 68719476743 0.0004172325134277344
12 68719476743 0.0004038810729980469
13 68719476743 0.0003962516784667969
14 68719476743 0.0003840923309326172
15 68719476743 0.000400543212890625
16 68719476743 0.00039839744567871094
17 68719476743 0.00040268898010253906
18 68719476743 0.0003974437713623047
19 68719476743 0.0004050731658935547
20 68719476743 0.000408172607421875
21 68719476743 0.0003974437713623047
22 68719476743 0.000400543212890625
23 68719476743 0.0004115104675292969
24 68719476743 0.00040221214294433594
25 68719476743 0.00039839744567871094
26 68719476743 0.00039577484130859375
27 68719476743 0.0004076957702636719
28 68719476743 0.0003943443298339844
29 68719476743 0.00039887428283691406
30 68719476743 0.00040078163146972656
31 68719476743 0.0003998279571533203
32 68719476743 0.00040841102600097656
33 68719476743 0.0004017353057861328
34 68719476743 0.0004019737243652344
35 68719476743 0.0004012584686279297
36 68719476743 0.0004055500030517578
37 68719476743 0.00040435791015625
38 68719476743 0.0004086494445800781
39 68719476743 0.0003981590270996094
40 68719476743 0.0004057884216308594
41 68719476743 0.00040841102600097656
42 68719476743 0.0003952980041503906
43 68719476743 0.00039958953857421875
44 68719476743 0.0003895759582519531
45 68719476743 0.00040340423583984375
46 68719476743 0.0004074573516845703
47 68719476743 0.0004000663757324219
48 68719476743 0.0004000663757324219
49 68719476743 0.0004048347473144531
50 68719476743 0.0004150867462158203
51 68719476743 0.000400543212890625
52 68719476743 0.0004131793975830078
53 68719476743 0.0004062652587890625
54 68719476743 0.0003955364227294922
55 68719476743 0.00039577484130859375
56 68719476743 0.0004029273986816406
57 68719476743 0.00040793418884277344
58 68719476743 0.00041794776916503906
59 68719476743 0.00040602684020996094
60 68719476743 0.0004036426544189453
61 68719476743 0.00040149688720703125
62 68719476743 0.0004048347473144531
63 68719476743 0.0004124641418457031
64 68719476743 0.0004112720489501953
65 68719476743 0.0004162788391113281
66 68719476743 0.0004119873046875
67 68719476743 0.0004107952117919922
68 68719476743 0.0004055500030517578
69 68719476743 0.0004048347473144531
70 68719476743 0.0004124641418457031
71 68719476743 0.00041294097900390625
72 68719476743 0.0004088878631591797
73 68719476743 0.0004010200500488281
74 68719476743 0.00041484832763671875
75 68719476743 0.00040984153747558594
76 68719476743 0.0004229545593261719
77 68719476743 0.0004067420959472656
78 68719476743 0.0004124641418457031
79 68719476743 0.0004055500030517578
80 68719476743 0.0003943443298339844
81 68719476743 0.00040459632873535156
82 68719476743 0.0004048347473144531
83 68719476743 0.00040841102600097656
84 68719476743 0.0004134178161621094
85 68719476743 0.0004200935363769531
86 68719476743 0.00040459632873535156
87 68719476743 0.0003974437713623047
88 68719476743 0.0004069805145263672
89 68719476743 0.00040459632873535156
90 68719476743 0.0004115104675292969
91 68719476743 0.00040602684020996094
92 68719476743 0.0004189014434814453
93 68719476743 0.00040602684020996094
94 68719476743 0.00040793418884277344
95 68719476743 0.00040912628173828125
96 68719476743 0.0004127025604248047
97 68719476743 0.00041675567626953125
98 68719476743 0.00040912628173828125
99 68719476743 0.0004112720489501953
100 68719476743 0.0004096031188964844
101 68719476743 0.0004012584686279297
102 68719476743 0.00041675567626953125
103 68719476743 0.0004131793975830078
104 68719476743 0.0004096031188964844
105 68719476743 0.0004169940948486328
106 68719476743 0.0004107952117919922
107 68719476743 0.00041031837463378906
108 68719476743 0.0004189014434814453
109 68719476743 0.0004138946533203125
110 68719476743 0.00041222572326660156
111 68719476743 0.0004134178161621094
112 68719476743 0.0004267692565917969
113 68719476743 0.00042128562927246094
114 68719476743 0.00040459632873535156
115 68719476743 0.0003993511199951172
116 68719476743 0.0004153251647949219
117 68719476743 0.00043010711669921875
118 68719476743 0.00042057037353515625
119 68719476743 0.0004127025604248047
120 68719476743 0.0004169940948486328
121 68719476743 0.00041961669921875
122 68719476743 0.0004069805145263672
123 68719476743 0.0004177093505859375
124 68719476743 0.00041604042053222656
125 68719476743 0.00042319297790527344
126 68719476743 0.00041937828063964844
127 68719476743 0.0004169940948486328
128 68719476743 0.0004143714904785156
129 68719476743 0.00041747093200683594
130 68719476743 0.0004184246063232422
131 68719476743 0.0004124641418457031
132 68719476743 0.0004100799560546875
133 68719476743 0.00042366981506347656
134 68719476743 0.00042748451232910156
135 68719476743 0.00042700767517089844
136 68719476743 0.00042319297790527344
137 68719476743 0.00041484832763671875
138 68719476743 0.0004200935363769531
139 68719476743 0.00040721893310546875
140 68719476743 0.00041556358337402344
141 68719476743 0.00041866302490234375
142 68719476743 0.00040602684020996094
143 68719476743 0.00042319297790527344
144 68719476743 0.0004189014434814453
145 68719476743 0.0004181861877441406
146 68719476743 0.00041866302490234375
147 68719476743 0.00041604042053222656
148 68719476743 0.0004162788391113281
149 68719476743 0.00041413307189941406
150 68719476743 0.00040984153747558594
151 68719476743 0.00041794776916503906
152 68719476743 0.00041413307189941406
153 68719476743 0.00041484832763671875
154 68719476743 0.0004146099090576172
155 68719476743 0.0004208087921142578
156 68719476743 0.00042057037353515625
157 68719476743 0.0004229545593261719
158 68719476743 0.00041413307189941406
159 68719476743 0.00040793418884277344
160 68719476743 0.0004267692565917969
161 68719476743 0.0004222393035888672
162 68719476743 0.0004210472106933594
163 68719476743 0.0004324913024902344
164 68719476743 0.0004162788391113281
165 68719476743 0.0004222393035888672
166 68719476743 0.00042128562927246094
167 68719476743 0.00041747093200683594
168 68719476743 0.0004286766052246094
169 68719476743 0.0004227161407470703
170 68719476743 0.0004267692565917969
171 68719476743 0.0004222393035888672
172 68719476743 0.0004172325134277344
173 68719476743 0.00041484832763671875
174 68719476743 0.00042176246643066406
175 68719476743 0.0004286766052246094
176 68719476743 0.00042247772216796875
177 68719476743 0.00042319297790527344
178 68719476743 0.0004105567932128906
179 68719476743 0.00041937828063964844
180 68719476743 0.0004258155822753906
181 68719476743 0.0004248619079589844
182 68719476743 0.0004229545593261719
183 68719476743 0.00041937828063964844
184 68719476743 0.00042724609375
185 68719476743 0.00042128562927246094
186 68719476743 0.00042819976806640625
187 68719476743 0.0004303455352783203
188 68719476743 0.0004291534423828125
189 68719476743 0.00043010711669921875
190 68719476743 0.0004284381866455078
191 68719476743 0.0004220008850097656
192 68719476743 0.0004127025604248047
193 68719476743 0.00043463706970214844
194 68719476743 0.00041961669921875
195 68719476743 0.00042891502380371094
196 68719476743 0.0004305839538574219
197 68719476743 0.00042819976806640625
198 68719476743 0.0004315376281738281
199 68719476743 0.00042438507080078125
200 68719476743 0.0004267692565917969
201 68719476743 0.00043654441833496094
202 68719476743 0.00043320655822753906
203 68719476743 0.0004229545593261719
204 68719476743 0.0004172325134277344
205 68719476743 0.00041866302490234375
206 68719476743 0.0004222393035888672
207 68719476743 0.00043773651123046875
208 68719476743 0.00042748451232910156
209 68719476743 0.0004279613494873047
210 68719476743 0.0004277229309082031
211 68719476743 0.00042891502380371094
212 68719476743 0.0004248619079589844
213 68719476743 0.00042891502380371094
214 68719476743 0.00042700767517089844
215 68719476743 0.00041937828063964844
216 68719476743 0.0004260540008544922
217 68719476743 0.0004265308380126953
218 68719476743 0.0004284381866455078
219 68719476743 0.00042891502380371094
220 68719476743 0.00042629241943359375
221 68719476743 0.00041484832763671875
222 68719476743 0.0004355907440185547
223 68719476743 0.0004253387451171875
224 68719476743 0.0004291534423828125
225 68719476743 0.0004343986511230469
226 68719476743 0.0004298686981201172
227 68719476743 0.0004284381866455078
228 68719476743 0.0004291534423828125
229 68719476743 0.0004284381866455078
230 68719476743 0.0004324913024902344
231 68719476743 0.0004239082336425781
232 68719476743 0.0004253387451171875
233 68719476743 0.0004363059997558594
234 68719476743 0.00041985511779785156
235 68719476743 0.00043702125549316406
236 68719476743 0.00043392181396484375
237 68719476743 0.0004260540008544922
238 68719476743 0.00042629241943359375
239 68719476743 0.000423431396484375
240 68719476743 0.00042510032653808594
241 68719476743 0.0005128383636474609
242 68719476743 0.00043392181396484375
243 68719476743 0.0004341602325439453
244 68719476743 0.00044846534729003906
245 68719476743 0.00043272972106933594
246 68719476743 0.00043392181396484375
247 68719476743 0.00043964385986328125
248 68719476743 0.00043654441833496094
249 68719476743 0.00042724609375
250 68719476743 0.0004253387451171875
251 68719476743 0.000438690185546875
252 68719476743 0.00042748451232910156
253 68719476743 0.00042748451232910156
254 68719476743 0.0004248619079589844
255 68719476743 0.0004353523254394531
256 68719476743 0.00042057037353515625
257 68719476743 0.0004343986511230469
258 68719476743 0.0004291534423828125
259 68719476743 0.0004303455352783203
260 68719476743 0.0004470348358154297
261 68719476743 0.00042700767517089844
262 68719476743 0.00043773651123046875
263 68719476743 0.00043702125549316406
264 68719476743 0.0004467964172363281
265 68719476743 0.000446319580078125
266 68719476743 0.0004336833953857422
267 68719476743 0.00044608116149902344
268 68719476743 0.0004322528839111328
269 68719476743 0.0004324913024902344
270 68719476743 0.00044727325439453125
271 68719476743 0.0004470348358154297
272 68719476743 0.0004277229309082031
273 68719476743 0.000431060791015625
274 68719476743 0.0004360675811767578
275 68719476743 0.0004296302795410156
276 68719476743 0.00044918060302734375
277 68719476743 0.00043392181396484375
278 68719476743 0.00044083595275878906
279 68719476743 0.0004248619079589844
280 68719476743 0.00042629241943359375
281 68719476743 0.0004315376281738281
282 68719476743 0.0004410743713378906
283 68719476743 0.00043487548828125
284 68719476743 0.0004360675811767578
285 68719476743 0.00043511390686035156
286 68719476743 0.00044226646423339844
287 68719476743 0.0004303455352783203
288 68719476743 0.00044035911560058594
289 68719476743 0.0004305839538574219
290 68719476743 0.0004379749298095703
291 68719476743 0.000431060791015625
292 68719476743 0.0004363059997558594
293 68719476743 0.0004363059997558594
294 68719476743 0.0004341602325439453
295 68719476743 0.00043964385986328125
296 68719476743 0.0004248619079589844
297 68719476743 0.0004241466522216797
298 68719476743 0.0004367828369140625
299 68719476743 0.00044608116149902344
300 68719476743 0.00041747093200683594
301 68719476743 0.00042891502380371094
302 68719476743 0.0004391670227050781
303 68719476743 0.0004341602325439453
304 68719476743 0.0004298686981201172
305 68719476743 0.00044155120849609375
306 68719476743 0.0004284381866455078
307 68719476743 0.0004355907440185547
308 68719476743 0.0004363059997558594
309 68719476743 0.0004372596740722656
310 68719476743 0.0004336833953857422
311 68719476743 0.00042891502380371094
312 68719476743 0.0004341602325439453
313 68719476743 0.0004391670227050781
314 68719476743 0.00043582916259765625
315 68719476743 0.0004382133483886719
316 68719476743 0.0004429817199707031
317 68719476743 0.0004355907440185547
318 68719476743 0.0004372596740722656
319 68719476743 0.00044226646423339844
320 68719476743 0.0004391670227050781
321 68719476743 0.0004444122314453125
322 68719476743 0.00043392181396484375
323 68719476743 0.00044155120849609375
324 68719476743 0.00042510032653808594
325 68719476743 0.0004448890686035156
326 68719476743 0.00042319297790527344
327 68719476743 0.0004260540008544922
328 68719476743 0.0004291534423828125
329 68719476743 0.00043201446533203125
330 68719476743 0.0004258155822753906
331 68719476743 0.00042819976806640625
332 68719476743 0.0004420280456542969
333 68719476743 0.0004448890686035156
334 68719476743 0.0004253387451171875
335 68719476743 0.0004296302795410156
336 68719476743 0.00043082237243652344
337 68719476743 0.0004398822784423828
338 68719476743 0.00044083595275878906
339 68719476743 0.0004410743713378906
340 68719476743 0.00045371055603027344
341 68719476743 0.00043511390686035156
342 68719476743 0.0004372596740722656
343 68719476743 0.0004458427429199219
344 68719476743 0.00043463706970214844
345 68719476743 0.0004410743713378906
346 68719476743 0.0004305839538574219
347 68719476743 0.0004353523254394531
348 68719476743 0.0004360675811767578
349 68719476743 0.0004394054412841797
350 68719476743 0.0004482269287109375
351 68719476743 0.00044655799865722656
352 68719476743 0.0004372596740722656
353 68719476743 0.00043964385986328125
354 68719476743 0.00045037269592285156
355 68719476743 0.0004429817199707031
356 68719476743 0.00043654441833496094
357 68719476743 0.00043082237243652344
358 68719476743 0.0004305839538574219
359 68719476743 0.0004558563232421875
360 68719476743 0.0004551410675048828
361 68719476743 0.0004367828369140625
362 68719476743 0.0004425048828125
363 68719476743 0.0004315376281738281
364 68719476743 0.0004355907440185547
365 68719476743 0.00043582916259765625
366 68719476743 0.00044727325439453125
367 68719476743 0.0004429817199707031
368 68719476743 0.0004391670227050781
369 68719476743 0.0004534721374511719
370 68719476743 0.00043964385986328125
371 68719476743 0.0004336833953857422
372 68719476743 0.00044226646423339844
373 68719476743 0.0004334449768066406
374 68719476743 0.00043511390686035156
375 68719476743 0.00044417381286621094
376 68719476743 0.00043702125549316406
377 68719476743 0.00043392181396484375
378 68719476743 0.0004410743713378906
379 68719476743 0.0004374980926513672
380 68719476743 0.0004410743713378906
381 68719476743 0.00044155120849609375
382 68719476743 0.0004341602325439453
383 68719476743 0.0004410743713378906
384 68719476743 0.0004429817199707031
385 68719476743 0.0004367828369140625
386 68719476743 0.0004458427429199219
387 68719476743 0.0004444122314453125
388 68719476743 0.00044155120849609375
389 68719476743 0.0004401206970214844
390 68719476743 0.0004360675811767578
391 68719476743 0.0004436969757080078
392 68719476743 0.00044083595275878906
393 68719476743 0.0004391670227050781
394 68719476743 0.0004444122314453125
395 68719476743 0.00045108795166015625
396 68719476743 0.0004413127899169922
397 68719476743 0.00044274330139160156
398 68719476743 0.0004334449768066406
399 68719476743 0.0004620552062988281
400 68719476743 0.0004432201385498047
401 68719476743 0.00044465065002441406
402 68719476743 0.0004382133483886719
403 68719476743 0.00044655799865722656
404 68719476743 0.00044155120849609375
405 68719476743 0.0004410743713378906
406 68719476743 0.00044608116149902344
407 68719476743 0.0004329681396484375
408 68719476743 0.00044083595275878906
409 68719476743 0.0004343986511230469
410 68719476743 0.00044608116149902344
411 68719476743 0.00043845176696777344
412 68719476743 0.0004546642303466797
413 68719476743 0.0004401206970214844
414 68719476743 0.0004405975341796875
415 68719476743 0.0004401206970214844
416 68719476743 0.0004372596740722656
417 68719476743 0.0004444122314453125
418 68719476743 0.00044465065002441406
419 68719476743 0.0004353523254394531
420 68719476743 0.00043463706970214844
421 68719476743 0.0004394054412841797
422 68719476743 0.0004475116729736328
423 68719476743 0.00044989585876464844
424 68719476743 0.0004513263702392578
425 68719476743 0.000446319580078125
426 68719476743 0.0004334449768066406
427 68719476743 0.0004372596740722656
428 68719476743 0.0004413127899169922
429 68719476743 0.0006272792816162109
430 68719476743 0.0005562305450439453
431 68719476743 0.0005459785461425781
432 68719476743 0.0005548000335693359
433 68719476743 0.0005390644073486328
434 68719476743 0.0005502700805664063
435 68719476743 0.0005507469177246094
436 68719476743 0.0005407333374023438
437 68719476743 0.000568389892578125
438 68719476743 0.0005443096160888672
439 68719476743 0.0005469322204589844
440 68719476743 0.0005567073822021484
441 68719476743 0.0005469322204589844
442 68719476743 0.0005478858947753906
443 68719476743 0.0005598068237304688
444 68719476743 0.0005528926849365234
445 68719476743 0.0005567073822021484
446 68719476743 0.0005593299865722656
447 68719476743 0.0005598068237304688
448 68719476743 0.0005593299865722656
449 68719476743 0.0005621910095214844
450 68719476743 0.0005562305450439453
451 68719476743 0.0005698204040527344
452 68719476743 0.000553131103515625
453 68719476743 0.0005612373352050781
454 68719476743 0.0005478858947753906
455 68719476743 0.0005481243133544922
456 68719476743 0.0005526542663574219
457 68719476743 0.0005583763122558594
458 68719476743 0.0005483627319335938
459 68719476743 0.000553131103515625
460 68719476743 0.0005528926849365234
461 68719476743 0.0005478858947753906
462 68719476743 0.0005466938018798828
463 68719476743 0.0005540847778320313
464 68719476743 0.0006177425384521484
465 68719476743 0.0005500316619873047
466 68719476743 0.0006215572357177734
467 68719476743 0.0005574226379394531
468 68719476743 0.0005586147308349609
469 68719476743 0.0005466938018798828
470 68719476743 0.0005576610565185547
471 68719476743 0.0005507469177246094
472 68719476743 0.0005445480346679688
473 68719476743 0.0005514621734619141
474 68719476743 0.0005519390106201172
475 68719476743 0.0005514621734619141
476 68719476743 0.0005528926849365234
477 68719476743 0.0005688667297363281
478 68719476743 0.0005483627319335938
479 68719476743 0.0005538463592529297
480 68719476743 0.0006279945373535156
481 68719476743 0.000553131103515625
482 68719476743 0.0005540847778320313
483 68719476743 0.0005548000335693359
484 68719476743 0.0005452632904052734
485 68719476743 0.0005414485931396484
486 68719476743 0.0005431175231933594
487 68719476743 0.0005459785461425781
488 68719476743 0.0005612373352050781
489 68719476743 0.0005643367767333984
490 68719476743 0.0005674362182617188
491 68719476743 0.0005576610565185547
492 68719476743 0.0006449222564697266
493 68719476743 0.0005478858947753906
494 68719476743 0.0006358623504638672
495 68719476743 0.0005617141723632813
496 68719476743 0.0006318092346191406
497 68719476743 0.0006213188171386719
498 68719476743 0.0005502700805664063
499 68719476743 0.0005490779876708984
