0 8589934593 0.0019769668579101563
1 8589934593 0.0005834102630615234
2 8589934593 0.0006158351898193359
3 8589934593 0.0007171630859375
4 8589934593 0.0007786750793457031
5 8589934593 0.0008296966552734375
6 8589934593 0.0008983612060546875
7 8589934593 0.0010056495666503906
8 8589934593 0.0010862350463867188
9 8589934593 0.0012297630310058594
10 8589934593 0.003662109375
11 8589934593 0.0013432502746582031
12 8589934593 0.0014286041259765625
13 8589934593 0.0014362335205078125
14 8589934593 0.0014786720275878906
15 8589934593 0.0017006397247314453
16 8589934593 0.0020017623901367188
17 8589934593 0.0019516944885253906
18 8589934593 0.0019686222076416016
19 8589934593 0.0020880699157714844
20 8589934593 0.002224445343017578
21 8589934593 0.0020978450775146484
22 8589934593 0.0021779537200927734
23 8589934593 0.002325296401977539
24 8589934593 0.002414703369140625
25 8589934593 0.0025281906127929688
26 8589934593 0.0026574134826660156
27 8589934593 0.002699136734008789
28 8589934593 0.0027549266815185547
29 8589934593 0.002913951873779297
30 8589934593 0.0029408931732177734
31 8589934593 0.003007650375366211
32 8589934593 0.003080606460571289
33 8589934593 0.003108978271484375
34 8589934593 0.0032706260681152344
35 8589934593 0.0033130645751953125
36 8589934593 0.0033118724822998047
37 8589934593 0.003473520278930664
38 8589934593 0.003598928451538086
39 8589934593 0.003614664077758789
40 8589934593 0.0036504268646240234
41 8589934593 0.0036695003509521484
42 8589934593 0.003871440887451172
43 8589934593 0.0040547847747802734
44 8589934593 0.003963947296142578
45 8589934593 0.0040056705474853516
46 8589934593 0.004188060760498047
47 8589934593 0.0041103363037109375
48 8589934593 0.004357576370239258
49 8589934593 0.00431370735168457
50 8589934593 0.004610538482666016
51 8589934593 0.004450798034667969
52 8589934593 0.004567623138427734
53 8589934593 0.004701375961303711
54 8589934593 0.004776954650878906
55 8589934593 0.00473475456237793
56 8589934593 0.0048449039459228516
57 8589934593 0.004902362823486328
58 8589934593 0.00490117073059082
59 8589934593 0.005205631256103516
60 8589934593 0.0051152706146240234
61 8589934593 0.0052242279052734375
62 8589934593 0.0052318572998046875
63 8589934593 0.00552678108215332
64 8589934593 0.005373716354370117
65 8589934593 0.0054836273193359375
66 8589934593 0.005632162094116211
67 8589934593 0.005697965621948242
68 8589934593 0.005642890930175781
69 8589934593 0.005761146545410156
70 8589934593 0.0060160160064697266
71 8589934593 0.0059261322021484375
72 8589934593 0.006034135818481445
73 8589934593 0.006021261215209961
74 8589934593 0.00613093376159668
75 8589934593 0.006246328353881836
76 8589934593 0.006230354309082031
77 8589934593 0.006359100341796875
78 8589934593 0.00653386116027832
79 8589934593 0.006536245346069336
80 8589934593 0.006707668304443359
81 8589934593 0.00678563117980957
82 8589934593 0.006912946701049805
83 8589934593 0.006663322448730469
84 8589934593 0.006860971450805664
85 8589934593 0.007090330123901367
86 8589934593 0.007323026657104492
87 8589934593 0.007048845291137695
88 8589934593 0.007203340530395508
89 8589934593 0.0074329376220703125
90 8589934593 0.0074615478515625
91 8589934593 0.0074465274810791016
92 8589934593 0.007392406463623047
93 8589934593 0.007807493209838867
94 8589934593 0.00774073600769043
95 8589934593 0.007788658142089844
96 8589934593 0.007593393325805664
97 8589934593 0.008064985275268555
98 8589934593 0.00804281234741211
99 8589934593 0.008075952529907227
100 8589934593 0.008122444152832031
101 8589934593 0.008257389068603516
102 8589934593 0.00854945182800293
103 8589934593 0.008412837982177734
104 8589934593 0.008238792419433594
105 8589934593 0.008579015731811523
106 8589934593 0.00865483283996582
107 8589934593 0.00882863998413086
108 8589934593 0.008858203887939453
109 8589934593 0.009010553359985352
110 8589934593 0.008622169494628906
111 8589934593 0.00912022590637207
112 8589934593 0.009192705154418945
113 8589934593 0.009027719497680664
114 8589934593 0.00912165641784668
115 8589934593 0.00923466682434082
116 8589934593 0.009397506713867188
117 8589934593 0.009328842163085938
118 8589934593 0.009266376495361328
119 8589934593 0.009673833847045898
120 8589934593 0.009441852569580078
121 8589934593 0.009771585464477539
122 8589934593 0.009578466415405273
123 8589934593 0.009708404541015625
124 8589934593 0.009868860244750977
125 8589934593 0.009787797927856445
126 8589934593 0.010005950927734375
127 8589934593 0.010596752166748047
128 8589934593 0.010002374649047852
129 8589934593 0.010097026824951172
130 8589934593 0.010184764862060547
131 8589934593 0.010366678237915039
132 8589934593 0.010580301284790039
133 8589934593 0.010433673858642578
134 8589934593 0.010489940643310547
135 8589934593 0.01078653335571289
136 8589934593 0.01067662239074707
137 8589934593 0.010909795761108398
138 8589934593 0.010876178741455078
139 8589934593 0.01102590560913086
140 8589934593 0.010858774185180664
141 8589934593 0.01088094711303711
142 8589934593 0.011305570602416992
143 8589934593 0.011249065399169922
144 8589934593 0.01148223876953125
145 8589934593 0.011383771896362305
146 8589934593 0.011401653289794922
147 8589934593 0.011617422103881836
148 8589934593 0.011662721633911133
149 8589934593 0.011822700500488281
150 8589934593 0.01161956787109375
151 8589934593 0.011984109878540039
152 8589934593 0.011611461639404297
153 8589934593 0.012097835540771484
154 8589934593 0.012169599533081055
155 8589934593 0.011853218078613281
156 8589934593 0.012105226516723633
157 8589934593 0.012422323226928711
158 8589934593 0.012614250183105469
159 8589934593 0.012483358383178711
160 8589934593 0.012784481048583984
161 8589934593 0.01286458969116211
162 8589934593 0.012685537338256836
163 8589934593 0.012702226638793945
164 8589934593 0.012768030166625977
165 8589934593 0.012964010238647461
166 8589934593 0.013256549835205078
167 8589934593 0.0135345458984375
168 8589934593 0.013160228729248047
169 8589934593 0.013357162475585938
170 8589934593 0.013105392456054688
171 8589934593 0.012999773025512695
172 8589934593 0.012935161590576172
173 8589934593 0.013381242752075195
174 8589934593 0.01294255256652832
175 8589934593 0.013098716735839844
176 8589934593 0.013353109359741211
177 8589934593 0.013539552688598633
178 8589934593 0.01336812973022461
179 8589934593 0.0135650634765625
180 8589934593 0.013363361358642578
181 8589934593 0.013763904571533203
182 8589934593 0.013676166534423828
183 8589934593 0.013764381408691406
184 8589934593 0.013411998748779297
185 8589934593 0.013699054718017578
186 8589934593 0.013734579086303711
187 8589934593 0.01399683952331543
188 8589934593 0.013541221618652344
189 8589934593 0.013937234878540039
190 8589934593 0.013473033905029297
191 8589934593 0.013654470443725586
192 8589934593 0.014154911041259766
193 8589934593 0.014448881149291992
194 8589934593 0.014337539672851563
195 8589934593 0.014607429504394531
196 8589934593 0.014717340469360352
197 8589934593 0.01499629020690918
198 8589934593 0.014508962631225586
199 8589934593 0.014739036560058594
200 8589934593 0.01500082015991211
201 8589934593 0.014725685119628906
202 8589934593 0.01503300666809082
203 8589934593 0.015289545059204102
204 8589934593 0.014966726303100586
205 8589934593 0.015219926834106445
206 8589934593 0.014887094497680664
207 8589934593 0.015002965927124023
208 8589934593 0.01489114761352539
209 8589934593 0.015079736709594727
210 8589934593 0.014922618865966797
211 8589934593 0.01479649543762207
212 8589934593 0.014997005462646484
213 8589934593 0.015070676803588867
214 8589934593 0.015251874923706055
215 8589934593 0.015113115310668945
216 8589934593 0.015181303024291992
217 8589934593 0.015144586563110352
218 8589934593 0.015155315399169922
219 8589934593 0.01578044891357422
220 8589934593 0.015170574188232422
221 8589934593 0.015310049057006836
222 8589934593 0.015501976013183594
223 8589934593 0.015282392501831055
224 8589934593 0.015183687210083008
225 8589934593 0.015525579452514648
226 8589934593 0.01590561866760254
227 8589934593 0.015882015228271484
228 8589934593 0.015907764434814453
229 8589934593 0.016241073608398438
230 8589934593 0.015938758850097656
231 8589934593 0.01604485511779785
232 8589934593 0.0158841609954834
233 8589934593 0.01676154136657715
234 8589934593 0.016439199447631836
235 8589934593 0.016713619232177734
236 8589934593 0.016681194305419922
237 8589934593 0.017140865325927734
238 8589934593 0.016916513442993164
239 8589934593 0.017067432403564453
240 8589934593 0.016957521438598633
241 8589934593 0.01714038848876953
242 8589934593 0.01686263084411621
243 8589934593 0.017229318618774414
244 8589934593 0.017240285873413086
245 8589934593 0.01739501953125
246 8589934593 0.017360687255859375
247 8589934593 0.017230987548828125
248 8589934593 0.017460107803344727
249 8589934593 0.016921043395996094
250 8589934593 0.01710820198059082
251 8589934593 0.01687455177307129
252 8589934593 0.016868114471435547
253 8589934593 0.016697168350219727
254 8589934593 0.016860246658325195
255 8589934593 0.017046689987182617
256 8589934593 0.017008543014526367
257 8589934593 0.016824960708618164
258 8589934593 0.016938209533691406
259 8589934593 0.016666889190673828
260 8589934593 0.01776409149169922
261 8589934593 0.017368793487548828
262 8589934593 0.01860332489013672
263 8589934593 0.017187118530273438
264 8589934593 0.01772785186767578
265 8589934593 0.017742633819580078
266 8589934593 0.018208980560302734
267 8589934593 0.017922401428222656
268 8589934593 0.017858505249023438
269 8589934593 0.01801443099975586
270 8589934593 0.01866888999938965
271 8589934593 0.01860952377319336
272 8589934593 0.018642187118530273
273 8589934593 0.018468856811523438
274 8589934593 0.01851367950439453
275 8589934593 0.018445968627929688
276 8589934593 0.018532752990722656
277 8589934593 0.018238306045532227
278 8589934593 0.018464326858520508
279 8589934593 0.018780946731567383
280 8589934593 0.01791548728942871
281 8589934593 0.018223285675048828
282 8589934593 0.018018484115600586
283 8589934593 0.01836228370666504
284 8589934593 0.01829814910888672
285 8589934593 0.018375873565673828
286 8589934593 0.01863241195678711
287 8589934593 0.018780231475830078
288 8589934593 0.01862502098083496
289 8589934593 0.018296003341674805
290 8589934593 0.01882767677307129
291 8589934593 0.018673419952392578
292 8589934593 0.018712997436523438
293 8589934593 0.01904439926147461
294 8589934593 0.01908421516418457
295 8589934593 0.01856827735900879
296 8589934593 0.018591880798339844
297 8589934593 0.01873326301574707
298 8589934593 0.018690824508666992
299 8589934593 0.018912553787231445
300 8589934593 0.019416332244873047
301 8589934593 0.01937556266784668
302 8589934593 0.01955437660217285
303 8589934593 0.019224166870117188
304 8589934593 0.019367218017578125
305 8589934593 0.019498586654663086
306 8589934593 0.019266605377197266
307 8589934593 0.02054595947265625
308 8589934593 0.02076268196105957
309 8589934593 0.02029585838317871
310 8589934593 0.02047872543334961
311 8589934593 0.020568370819091797
312 8589934593 0.019988298416137695
313 8589934593 0.020557880401611328
314 8589934593 0.02024555206298828
315 8589934593 0.020336389541625977
316 8589934593 0.02035832405090332
317 8589934593 0.020726442337036133
318 8589934593 0.021147966384887695
319 8589934593 0.020112276077270508
320 8589934593 0.020287513732910156
321 8589934593 0.020170211791992188
322 8589934593 0.020374536514282227
323 8589934593 0.020449161529541016
324 8589934593 0.020064353942871094
325 8589934593 0.020005226135253906
326 8589934593 0.020216941833496094
327 8589934593 0.02024674415588379
328 8589934593 0.02006697654724121
329 8589934593 0.020406723022460938
330 8589934593 0.02026200294494629
331 8589934593 0.020215511322021484
332 8589934593 0.020201683044433594
333 8589934593 0.020409584045410156
334 8589934593 0.020519495010375977
335 8589934593 0.020440101623535156
336 8589934593 0.02024674415588379
337 8589934593 0.02045154571533203
338 8589934593 0.02041339874267578
339 8589934593 0.021509170532226563
340 8589934593 0.020571231842041016
341 8589934593 0.021645069122314453
342 8589934593 0.02133965492248535
343 8589934593 0.02152562141418457
344 8589934593 0.021575927734375
345 8589934593 0.021193742752075195
346 8589934593 0.02122783660888672
347 8589934593 0.021863937377929688
348 8589934593 0.022199153900146484
349 8589934593 0.02225494384765625
350 8589934593 0.021767377853393555
351 8589934593 0.022095441818237305
352 8589934593 0.022960186004638672
353 8589934593 0.023772001266479492
354 8589934593 0.0226287841796875
355 8589934593 0.02274489402770996
356 8589934593 0.022794008255004883
357 8589934593 0.022809743881225586
358 8589934593 0.02233409881591797
359 8589934593 0.022415876388549805
360 8589934593 0.022356033325195313
361 8589934593 0.022262096405029297
362 8589934593 0.02223491668701172
363 8589934593 0.023088932037353516
364 8589934593 0.02270197868347168
365 8589934593 0.022980690002441406
366 8589934593 0.02258133888244629
367 8589934593 0.022868633270263672
368 8589934593 0.022450923919677734
369 8589934593 0.023561477661132813
370 8589934593 0.022890567779541016
371 8589934593 0.023119449615478516
372 8589934593 0.02457737922668457
373 8589934593 0.023692846298217773
374 8589934593 0.022525310516357422
375 8589934593 0.022364139556884766
376 8589934593 0.022298336029052734
377 8589934593 0.02260446548461914
378 8589934593 0.022380590438842773
379 8589934593 0.022719860076904297
380 8589934593 0.0228579044342041
381 8589934593 0.0230715274810791
382 8589934593 0.022658348083496094
383 8589934593 0.023375511169433594
384 8589934593 0.022795438766479492
385 8589934593 0.022983312606811523
386 8589934593 0.022984027862548828
387 8589934593 0.02321624755859375
388 8589934593 0.023328781127929688
389 8589934593 0.022928237915039063
390 8589934593 0.02332615852355957
391 8589934593 0.023444414138793945
392 8589934593 0.023410558700561523
393 8589934593 0.023763418197631836
394 8589934593 0.02323436737060547
395 8589934593 0.024402141571044922
396 8589934593 0.024295568466186523
397 8589934593 0.02385568618774414
398 8589934593 0.023872852325439453
399 8589934593 0.02374887466430664
400 8589934593 0.025379180908203125
401 8589934593 0.025331497192382813
402 8589934593 0.024869918823242188
403 8589934593 0.024740219116210938
404 8589934593 0.024663209915161133
405 8589934593 0.02467656135559082
406 8589934593 0.024799108505249023
407 8589934593 0.02493453025817871
408 8589934593 0.024893522262573242
409 8589934593 0.024318933486938477
410 8589934593 0.024822711944580078
411 8589934593 0.0258481502532959
412 8589934593 0.024739742279052734
413 8589934593 0.024660348892211914
414 8589934593 0.02466273307800293
415 8589934593 0.024639129638671875
416 8589934593 0.024749755859375
417 8589934593 0.024721145629882813
418 8589934593 0.024523496627807617
419 8589934593 0.02471613883972168
420 8589934593 0.02508687973022461
421 8589934593 0.02452850341796875
422 8589934593 0.0258028507232666
423 8589934593 0.025310993194580078
424 8589934593 0.025232315063476563
425 8589934593 0.025008678436279297
426 8589934593 0.025440454483032227
427 8589934593 0.025705337524414063
428 8589934593 0.025379180908203125
429 8589934593 0.025630474090576172
430 8589934593 0.025339365005493164
431 8589934593 0.025664806365966797
432 8589934593 0.026170015335083008
433 8589934593 0.026180267333984375
434 8589934593 0.025528669357299805
435 8589934593 0.02579665184020996
436 8589934593 0.02561044692993164
437 8589934593 0.026032447814941406
438 8589934593 0.028489112854003906
439 8589934593 0.026476383209228516
440 8589934593 0.02580857276916504
441 8589934593 0.026545286178588867
442 8589934593 0.02635502815246582
443 8589934593 0.026464223861694336
444 8589934593 0.02626514434814453
445 8589934593 0.026242971420288086
446 8589934593 0.026651620864868164
447 8589934593 0.026209115982055664
448 8589934593 0.026426315307617188
449 8589934593 0.026447772979736328
450 8589934593 0.026801109313964844
451 8589934593 0.02666497230529785
452 8589934593 0.02644634246826172
453 8589934593 0.0259246826171875
454 8589934593 0.026241064071655273
455 8589934593 0.026343584060668945
456 8589934593 0.026149511337280273
457 8589934593 0.027008056640625
458 8589934593 0.02875804901123047
459 8589934593 0.0268552303314209
460 8589934593 0.026896953582763672
461 8589934593 0.02718949317932129
462 8589934593 0.027367591857910156
463 8589934593 0.027727365493774414
464 8589934593 0.027707576751708984
465 8589934593 0.027477264404296875
466 8589934593 0.028052568435668945
467 8589934593 0.02817082405090332
468 8589934593 0.02823472023010254
469 8589934593 0.028824567794799805
470 8589934593 0.0287325382232666
471 8589934593 0.02874159812927246
472 8589934593 0.028309106826782227
473 8589934593 0.0287015438079834
474 8589934593 0.028844356536865234
475 8589934593 0.028542757034301758
476 8589934593 0.02839040756225586
477 8589934593 0.02762603759765625
478 8589934593 0.027675390243530273
479 8589934593 0.028418540954589844
480 8589934593 0.028763294219970703
481 8589934593 0.029578447341918945
482 8589934593 0.02904987335205078
483 8589934593 0.028786897659301758
484 8589934593 0.02933049201965332
485 8589934593 0.028915882110595703
486 8589934593 0.029189586639404297
487 8589934593 0.02890300750732422
488 8589934593 0.028964757919311523
489 8589934593 0.029091358184814453
490 8589934593 0.028965234756469727
491 8589934593 0.029803991317749023
492 8589934593 0.029775381088256836
493 8589934593 0.029181480407714844
494 8589934593 0.029628992080688477
495 8589934593 0.029837369918823242
496 8589934593 0.030197858810424805
497 8589934593 0.030342578887939453
498 8589934593 0.030197620391845703
499 8589934593 0.03072071075439453
