0.279997
1.06687
0.400026
0.672024
1.66452
0.62676
1.13475
0.439111
0.41714
0.418523
0.352325
0.341443
0.467665
0.395153
0.376717
0.354629
0.371215
0.394673
0.3722
0.379048
0.412016
0.410229
0.397923
0.429362
0.429878
0.443823
0.441948
0.467309
0.528134
0.48476
0.478938
0.506697
0.473336
0.441945
0.5052
0.508274
0.522149
0.54267
0.548881
0.527491
0.538038
0.563616
0.544249
0.539209
0.560692
0.537007
0.521843
0.574595
0.584016
0.557779
0.582097
0.398541
0.382341
0.373843
0.404359
0.378888
0.352804
0.386457
0.363971
0.53124
0.365377
0.362602
0.373012
0.345451
0.379254
0.361618
0.343614
0.368346
0.372917
0.374309
0.353993
0.343993
0.368289
0.351891
0.364759
0.347118
0.356722
0.361555
0.362503
0.342491
0.360451
0.337924
0.366366
0.358729
0.348578
0.380824
0.367765
0.337639
0.349254
0.374212
0.355665
0.346694
0.364301
0.349727
0.346742
0.351277
0.355013
0.358727
0.343741
0.354424
0.381396
0.47227
0.481101
0.4915
0.4636
0.4913
0.503726
0.477828
0.482228
0.481354
0.486299
0.481405
0.484478
0.487363
0.488881
0.483773
0.501226
0.476815
0.485434
0.488897
0.486854
0.475958
0.485327
0.49622
0.480013
0.476156
0.475288
0.464727
0.487721
0.459675
0.473282
0.473185
0.459405
0.45704
0.438951
0.476626
0.46323
0.46075
0.481053
0.461844
0.471462
0.466373
0.450584
0.485385
0.468973
0.479734
0.472859
0.458719
0.454025
0.46685
0.480923
0.370064
0.408828
0.414068
0.419302
0.408225
0.413728
0.412768
0.434023
0.417735
0.419192
0.404716
0.418629
0.415953
0.420018
0.433618
0.424068
0.422987
0.439983
0.429434
0.411508
0.430892
0.424877
0.426901
0.423156
0.397799
0.428861
0.477726
0.424422
0.430545
0.456391
0.405855
0.419926
0.408799
0.432603
0.425158
0.392567
0.415661
0.429688
0.431676
0.431783
0.46572
0.441026
0.439146
0.44325
0.450271
0.446686
0.44474
0.442633
0.427262
0.427706
0.199848
0.197758
0.18184
0.207414
0.240289
0.214716
0.220227
0.206261
0.225223
0.204868
0.19903
0.179712
0.193201
0.200869
0.188281
0.188603
0.187667
0.193213
0.179236
0.192144
0.20207
0.176626
0.180634
0.188346
0.200996
0.198858
0.175999
0.228827
0.201532
0.208152
0.213843
0.213848
0.210923
0.212216
0.218025
0.210246
0.213034
0.208564
0.217167
0.185694
0.209979
0.217592
0.215148
0.229492
0.210966
0.242787
0.234666
0.228603
0.249003
0.239509
0.314549
0.311479
0.310329
0.296071
0.311158
0.316132
0.268332
0.27289
0.286494
0.292959
0.288044
0.313314
0.312773
0.313595
0.307452
0.309752
0.310775
0.317333
0.333062
0.31855
0.31498
0.279384
0.291395
0.297395
0.284527
0.266477
0.269669
0.277969
0.289861
0.296777
0.297822
0.313647
0.320942
0.308978
0.318006
0.319899
0.310448
0.297111
0.292285
0.307858
0.301094
0.305592
0.305992
0.316836
0.314994
0.308419
0.301589
0.287042
0.278532
0.284873
0.255518
0.27433
0.25759
0.253758
0.263799
0.264019
0.267146
0.232458
0.23885
0.238193
0.241174
0.255103
0.254412
0.23954
0.215853
0.237961
0.221004
0.233446
0.261697
0.249458
0.237623
0.24227
0.228384
0.232698
0.223959
0.231875
0.21289
0.250598
0.244768
0.243148
0.251926
0.230018
0.234902
0.230122
0.216469
0.216667
0.230504
0.226392
0.207752
0.216157
0.211758
0.227159
0.215207
0.203272
0.212719
0.213598
0.225498
0.227026
0.224734
0.233883
0.219624
0.214776
0.218578
0.193467
0.195779
0.189796
0.201364
0.203679
0.216715
0.19945
0.194719
0.158307
0.213957
0.226348
0.217113
0.203267
0.218409
0.217932
0.198977
0.238262
0.215957
0.229901
0.244149
0.23709
0.234776
0.222967
0.248563
0.244927
0.244159
0.248387
0.242914
0.245695
0.250714
0.229881
0.2306
0.241333
0.257131
0.254177
0.258415
0.24337
0.238454
0.247868
0.236989
0.251332
0.234815
0.222435
0.212546
0.221773
0.217576
0.214636
0.210706
0.208327
0.210851
0.215353
0.212743
0.215607
0.210557
0.216529
0.21151
0.217576
0.214973
0.212859
0.203972
0.209243
0.213068
0.201715
0.210133
0.211278
0.202542
0.216943
0.221864
0.222664
0.213189
0.217545
0.227649
0.209791
0.218847
0.22677
0.230731
0.231721
0.215028
0.215717
0.22627
0.228054
0.223923
0.230314
0.241084
0.248239
0.238804
0.226748
0.238706
0.243974
0.239766
0.233352
0.231299
0.229452
0.23985
0.226133
0.228876
0.22992
0.231852
0.214823
0.210013
0.223887
0.214407
0.210402
0.224638
0.216937
0.217377
0.206653
0.224065
0.235715
0.222884
0.229876
0.233311
0.229374
0.229888
0.229491
0.224409
0.217473
0.208033
0.21061
0.205081
0.214262
0.214589
0.218435
0.217187
0.213253
0.216186
0.223299
0.22487
0.223255
0.21686
0.210826
0.221642
0.219459
0.230663
0.235506
0.242169
0.235252
0.248962
0.244079
0.250906
0.214674
0.220543
0.21794
0.221045
0.222966
0.221179
