0 42949672965 0.0015323162078857422
1 42949672965 0.0006482601165771484
2 42949672965 0.0007605552673339844
3 42949672965 0.0008845329284667969
4 42949672965 0.0009951591491699219
5 42949672965 0.0011060237884521484
6 42949672965 0.001207590103149414
7 42949672965 0.0013058185577392578
8 42949672965 0.0014622211456298828
9 42949672965 0.0015411376953125
10 42949672965 0.0016946792602539063
11 42949672965 0.001750946044921875
12 42949672965 0.0019218921661376953
13 42949672965 0.0020105838775634766
14 42949672965 0.002109527587890625
15 42949672965 0.002354145050048828
16 42949672965 0.002457857131958008
17 42949672965 0.004041433334350586
18 42949672965 0.00264739990234375
19 42949672965 0.0027048587799072266
20 42949672965 0.0028078556060791016
21 42949672965 0.002984285354614258
22 42949672965 0.003154277801513672
23 42949672965 0.0032341480255126953
24 42949672965 0.0033423900604248047
25 42949672965 0.00400090217590332
26 42949672965 0.0034978389739990234
27 42949672965 0.0036666393280029297
28 42949672965 0.003828287124633789
29 42949672965 0.003933906555175781
30 42949672965 0.0038652420043945313
31 42949672965 0.004047870635986328
32 42949672965 0.0041828155517578125
33 42949672965 0.004301786422729492
34 42949672965 0.004286766052246094
35 42949672965 0.004491090774536133
36 42949672965 0.004564762115478516
37 42949672965 0.004744052886962891
38 42949672965 0.004627704620361328
39 42949672965 0.004918813705444336
40 42949672965 0.004945993423461914
41 42949672965 0.0051479339599609375
42 42949672965 0.005289554595947266
43 42949672965 0.0051724910736083984
44 42949672965 0.005410671234130859
45 42949672965 0.005421876907348633
46 42949672965 0.005804777145385742
47 42949672965 0.005764484405517578
48 42949672965 0.0057337284088134766
49 42949672965 0.005895137786865234
50 42949672965 0.006285190582275391
51 42949672965 0.006472349166870117
52 42949672965 0.006479024887084961
53 42949672965 0.0062525272369384766
54 42949672965 0.006819725036621094
55 42949672965 0.006726264953613281
56 42949672965 0.00650334358215332
57 42949672965 0.0070421695709228516
58 42949672965 0.006629467010498047
59 42949672965 0.0072705745697021484
60 42949672965 0.007238149642944336
61 42949672965 0.007343292236328125
62 42949672965 0.007537841796875
63 42949672965 0.007801532745361328
64 42949672965 0.008047342300415039
65 42949672965 0.007812023162841797
66 42949672965 0.007659912109375
67 42949672965 0.008050918579101563
68 42949672965 0.008152484893798828
69 42949672965 0.008398294448852539
70 42949672965 0.008104324340820313
71 42949672965 0.00830984115600586
72 42949672965 0.008801937103271484
73 42949672965 0.008617639541625977
74 42949672965 0.008647441864013672
75 42949672965 0.00889277458190918
76 42949672965 0.00875401496887207
77 42949672965 0.009219884872436523
78 42949672965 0.009325981140136719
79 42949672965 0.00913691520690918
80 42949672965 0.009420394897460938
81 42949672965 0.009534358978271484
82 42949672965 0.009967565536499023
83 42949672965 0.009684324264526367
84 42949672965 0.009609222412109375
85 42949672965 0.009960412979125977
86 42949672965 0.010169744491577148
87 42949672965 0.010177373886108398
88 42949672965 0.010452747344970703
89 42949672965 0.01037454605102539
90 42949672965 0.010682821273803711
91 42949672965 0.010472536087036133
92 42949672965 0.010559558868408203
93 42949672965 0.011017084121704102
94 42949672965 0.01096487045288086
95 42949672965 0.011197090148925781
96 42949672965 0.011185169219970703
97 42949672965 0.011198759078979492
98 42949672965 0.011557817459106445
99 42949672965 0.011486530303955078
100 42949672965 0.011420965194702148
101 42949672965 0.011884450912475586
102 42949672965 0.011677980422973633
103 42949672965 0.012296438217163086
104 42949672965 0.012106895446777344
105 42949672965 0.012330293655395508
106 42949672965 0.012358427047729492
107 42949672965 0.01231241226196289
108 42949672965 0.012479305267333984
109 42949672965 0.012439489364624023
110 42949672965 0.012866735458374023
111 42949672965 0.012640953063964844
112 42949672965 0.012749910354614258
113 42949672965 0.013064861297607422
114 42949672965 0.01314997673034668
115 42949672965 0.013090848922729492
116 42949672965 0.013273954391479492
117 42949672965 0.013277769088745117
118 42949672965 0.013547897338867188
119 42949672965 0.013844728469848633
120 42949672965 0.01394200325012207
121 42949672965 0.013382673263549805
122 42949672965 0.013754844665527344
123 42949672965 0.014214515686035156
124 42949672965 0.014014482498168945
125 42949672965 0.01411128044128418
126 42949672965 0.015243053436279297
127 42949672965 0.014379739761352539
128 42949672965 0.014534950256347656
129 42949672965 0.0150909423828125
130 42949672965 0.01482844352722168
131 42949672965 0.014682292938232422
132 42949672965 0.014454126358032227
133 42949672965 0.015452861785888672
134 42949672965 0.01541447639465332
135 42949672965 0.014890432357788086
136 42949672965 0.015309810638427734
137 42949672965 0.015256881713867188
138 42949672965 0.016234874725341797
139 42949672965 0.016414165496826172
140 42949672965 0.016293764114379883
141 42949672965 0.016269683837890625
142 42949672965 0.015326261520385742
143 42949672965 0.016667604446411133
144 42949672965 0.016368389129638672
145 42949672965 0.016231060028076172
146 42949672965 0.01591014862060547
147 42949672965 0.016556262969970703
148 42949672965 0.01689743995666504
149 42949672965 0.016989469528198242
150 42949672965 0.016834020614624023
151 42949672965 0.0169522762298584
152 42949672965 0.016215085983276367
153 42949672965 0.017310142517089844
154 42949672965 0.017706632614135742
155 42949672965 0.017246723175048828
156 42949672965 0.01687026023864746
157 42949672965 0.016931772232055664
158 42949672965 0.01832723617553711
159 42949672965 0.018039941787719727
160 42949672965 0.0179901123046875
161 42949672965 0.018020153045654297
162 42949672965 0.017978191375732422
163 42949672965 0.0181581974029541
164 42949672965 0.018828392028808594
165 42949672965 0.018770456314086914
166 42949672965 0.019311904907226563
167 42949672965 0.019716978073120117
168 42949672965 0.019037485122680664
169 42949672965 0.019407033920288086
170 42949672965 0.0189054012298584
171 42949672965 0.019103527069091797
172 42949672965 0.019805908203125
173 42949672965 0.019572973251342773
174 42949672965 0.019755840301513672
175 42949672965 0.019353389739990234
176 42949672965 0.01955699920654297
177 42949672965 0.019699811935424805
178 42949672965 0.019734621047973633
179 42949672965 0.019379615783691406
180 42949672965 0.019808292388916016
181 42949672965 0.0201265811920166
182 42949672965 0.019545555114746094
183 42949672965 0.01913762092590332
184 42949672965 0.019877910614013672
185 42949672965 0.019611597061157227
186 42949672965 0.019710302352905273
187 42949672965 0.020819902420043945
188 42949672965 0.02034163475036621
189 42949672965 0.020146608352661133
190 42949672965 0.02006387710571289
191 42949672965 0.020219087600708008
192 42949672965 0.020734071731567383
193 42949672965 0.020333051681518555
194 42949672965 0.02013230323791504
195 42949672965 0.020144939422607422
196 42949672965 0.020294904708862305
197 42949672965 0.021136999130249023
198 42949672965 0.02084636688232422
199 42949672965 0.021345138549804688
200 42949672965 0.021265268325805664
201 42949672965 0.02083301544189453
202 42949672965 0.021918296813964844
203 42949672965 0.022031784057617188
204 42949672965 0.022150039672851563
205 42949672965 0.022025585174560547
206 42949672965 0.021852731704711914
207 42949672965 0.02309250831604004
208 42949672965 0.022487401962280273
209 42949672965 0.02259349822998047
210 42949672965 0.022383928298950195
211 42949672965 0.022925615310668945
212 42949672965 0.022924423217773438
213 42949672965 0.023264169692993164
214 42949672965 0.022794008255004883
215 42949672965 0.022807836532592773
216 42949672965 0.022762060165405273
217 42949672965 0.022655725479125977
218 42949672965 0.023120403289794922
219 42949672965 0.022535324096679688
220 42949672965 0.02288651466369629
221 42949672965 0.023057222366333008
222 42949672965 0.022832632064819336
223 42949672965 0.022688627243041992
224 42949672965 0.02269744873046875
225 42949672965 0.02303290367126465
226 42949672965 0.02296900749206543
227 42949672965 0.022660017013549805
228 42949672965 0.022655725479125977
229 42949672965 0.023016929626464844
230 42949672965 0.022998332977294922
231 42949672965 0.02341294288635254
232 42949672965 0.02307724952697754
233 42949672965 0.024116992950439453
234 42949672965 0.023310422897338867
235 42949672965 0.02326512336730957
236 42949672965 0.02419734001159668
237 42949672965 0.02359938621520996
238 42949672965 0.023698806762695313
239 42949672965 0.023394107818603516
240 42949672965 0.023855209350585938
241 42949672965 0.024873733520507813
242 42949672965 0.02448415756225586
243 42949672965 0.024463891983032227
244 42949672965 0.02455735206604004
245 42949672965 0.024834156036376953
246 42949672965 0.025758743286132813
247 42949672965 0.02509307861328125
248 42949672965 0.02508687973022461
249 42949672965 0.025480031967163086
250 42949672965 0.025292158126831055
251 42949672965 0.025295734405517578
252 42949672965 0.02509140968322754
253 42949672965 0.026556968688964844
254 42949672965 0.02469801902770996
255 42949672965 0.025587797164916992
256 42949672965 0.02554631233215332
257 42949672965 0.02524542808532715
258 42949672965 0.02525186538696289
259 42949672965 0.025478124618530273
260 42949672965 0.02588057518005371
261 42949672965 0.0263674259185791
262 42949672965 0.026437044143676758
263 42949672965 0.026010990142822266
264 42949672965 0.026488065719604492
265 42949672965 0.025394678115844727
266 42949672965 0.02590203285217285
267 42949672965 0.02570509910583496
268 42949672965 0.02625727653503418
269 42949672965 0.02566075325012207
270 42949672965 0.025946855545043945
271 42949672965 0.026024580001831055
272 42949672965 0.026056528091430664
273 42949672965 0.025813817977905273
274 42949672965 0.0269472599029541
275 42949672965 0.026409626007080078
276 42949672965 0.026036739349365234
277 42949672965 0.02671337127685547
278 42949672965 0.02644515037536621
279 42949672965 0.02731943130493164
280 42949672965 0.02760910987854004
281 42949672965 0.027208566665649414
282 42949672965 0.02727961540222168
283 42949672965 0.027031660079956055
284 42949672965 0.028230905532836914
285 42949672965 0.02809929847717285
286 42949672965 0.02805495262145996
287 42949672965 0.02805018424987793
288 42949672965 0.027553319931030273
289 42949672965 0.028011083602905273
290 42949672965 0.02822089195251465
291 42949672965 0.027844905853271484
292 42949672965 0.02839040756225586
293 42949672965 0.027563095092773438
294 42949672965 0.027765274047851563
295 42949672965 0.027588844299316406
296 42949672965 0.02761101722717285
297 42949672965 0.02742743492126465
298 42949672965 0.02740311622619629
299 42949672965 0.027413129806518555
300 42949672965 0.02811741828918457
301 42949672965 0.027703285217285156
302 42949672965 0.02788400650024414
303 42949672965 0.02808523178100586
304 42949672965 0.02823185920715332
305 42949672965 0.02785491943359375
306 42949672965 0.02844071388244629
307 42949672965 0.028385400772094727
308 42949672965 0.028806209564208984
309 42949672965 0.028717756271362305
310 42949672965 0.02867603302001953
311 42949672965 0.028577327728271484
312 42949672965 0.028033018112182617
313 42949672965 0.028103113174438477
314 42949672965 0.02818894386291504
315 42949672965 0.029249191284179688
316 42949672965 0.028198719024658203
317 42949672965 0.02960991859436035
318 42949672965 0.029243946075439453
319 42949672965 0.0293886661529541
320 42949672965 0.028668880462646484
321 42949672965 0.029242753982543945
322 42949672965 0.030434370040893555
323 42949672965 0.030135631561279297
324 42949672965 0.03060460090637207
325 42949672965 0.0301971435546875
326 42949672965 0.030269622802734375
327 42949672965 0.031106233596801758
328 42949672965 0.031366586685180664
329 42949672965 0.030997753143310547
330 42949672965 0.03116631507873535
331 42949672965 0.030179262161254883
332 42949672965 0.029795169830322266
333 42949672965 0.030497312545776367
334 42949672965 0.030285120010375977
335 42949672965 0.03108692169189453
336 42949672965 0.031174659729003906
337 42949672965 0.031102895736694336
338 42949672965 0.030708789825439453
339 42949672965 0.030465126037597656
340 42949672965 0.030594825744628906
341 42949672965 0.030283212661743164
342 42949672965 0.030573129653930664
343 42949672965 0.030913114547729492
344 42949672965 0.0301816463470459
345 42949672965 0.030410289764404297
346 42949672965 0.031121492385864258
347 42949672965 0.031073331832885742
348 42949672965 0.030571460723876953
349 42949672965 0.030696630477905273
350 42949672965 0.03208661079406738
351 42949672965 0.0319666862487793
352 42949672965 0.032126426696777344
353 42949672965 0.03133869171142578
354 42949672965 0.03150749206542969
355 42949672965 0.03250885009765625
356 42949672965 0.031714439392089844
357 42949672965 0.031694889068603516
358 42949672965 0.03199601173400879
359 42949672965 0.03162717819213867
360 42949672965 0.030760765075683594
361 42949672965 0.030744552612304688
362 42949672965 0.03083181381225586
363 42949672965 0.030373096466064453
364 42949672965 0.030545949935913086
365 42949672965 0.03033447265625
366 42949672965 0.030441999435424805
367 42949672965 0.030152559280395508
368 42949672965 0.03054332733154297
369 42949672965 0.031397342681884766
370 42949672965 0.03136563301086426
371 42949672965 0.031678199768066406
372 42949672965 0.031305551528930664
373 42949672965 0.03117203712463379
374 42949672965 0.03267979621887207
375 42949672965 0.03233647346496582
376 42949672965 0.032675743103027344
377 42949672965 0.03269457817077637
378 42949672965 0.03231096267700195
379 42949672965 0.03199648857116699
380 42949672965 0.032877206802368164
381 42949672965 0.03272414207458496
382 42949672965 0.033219099044799805
383 42949672965 0.03310561180114746
384 42949672965 0.03330397605895996
385 42949672965 0.032295942306518555
386 42949672965 0.03323245048522949
387 42949672965 0.03339958190917969
388 42949672965 0.03296089172363281
389 42949672965 0.03420376777648926
390 42949672965 0.032721757888793945
391 42949672965 0.033858299255371094
392 42949672965 0.034508705139160156
393 42949672965 0.03352689743041992
394 42949672965 0.03390145301818848
395 42949672965 0.034586429595947266
396 42949672965 0.03438687324523926
397 42949672965 0.0344545841217041
398 42949672965 0.03420257568359375
399 42949672965 0.03375363349914551
400 42949672965 0.034303903579711914
401 42949672965 0.03406023979187012
402 42949672965 0.035683393478393555
403 42949672965 0.0347592830657959
404 42949672965 0.03465104103088379
405 42949672965 0.03469443321228027
406 42949672965 0.03482246398925781
407 42949672965 0.0347135066986084
408 42949672965 0.03452444076538086
409 42949672965 0.0342104434967041
410 42949672965 0.034716129302978516
411 42949672965 0.034522056579589844
412 42949672965 0.03477740287780762
413 42949672965 0.03470873832702637
414 42949672965 0.03465771675109863
415 42949672965 0.03502178192138672
416 42949672965 0.03560638427734375
417 42949672965 0.03536677360534668
418 42949672965 0.034446001052856445
419 42949672965 0.03476548194885254
420 42949672965 0.03545331954956055
421 42949672965 0.03497171401977539
422 42949672965 0.03478527069091797
423 42949672965 0.03496599197387695
424 42949672965 0.03530120849609375
425 42949672965 0.0347445011138916
426 42949672965 0.03475189208984375
427 42949672965 0.03502249717712402
428 42949672965 0.03455233573913574
429 42949672965 0.03491330146789551
430 42949672965 0.03471970558166504
431 42949672965 0.03470468521118164
432 42949672965 0.034891366958618164
433 42949672965 0.0354161262512207
434 42949672965 0.03460812568664551
435 42949672965 0.03475594520568848
436 42949672965 0.03544163703918457
437 42949672965 0.0353541374206543
438 42949672965 0.034605979919433594
439 42949672965 0.03688669204711914
440 42949672965 0.036092519760131836
441 42949672965 0.036588430404663086
442 42949672965 0.03756546974182129
443 42949672965 0.03618478775024414
444 42949672965 0.03623509407043457
445 42949672965 0.0364985466003418
446 42949672965 0.03574657440185547
447 42949672965 0.03627490997314453
448 42949672965 0.03694629669189453
449 42949672965 0.03635001182556152
450 42949672965 0.036531925201416016
451 42949672965 0.03849005699157715
452 42949672965 0.037410736083984375
453 42949672965 0.037573814392089844
454 42949672965 0.03777360916137695
455 42949672965 0.03729581832885742
456 42949672965 0.037230491638183594
457 42949672965 0.03751206398010254
458 42949672965 0.037392616271972656
459 42949672965 0.037976980209350586
460 42949672965 0.03791475296020508
461 42949672965 0.03714919090270996
462 42949672965 0.03827047348022461
463 42949672965 0.03777885437011719
464 42949672965 0.03773093223571777
465 42949672965 0.03752565383911133
466 42949672965 0.03751063346862793
467 42949672965 0.03896689414978027
468 42949672965 0.03848624229431152
469 42949672965 0.039330244064331055
470 42949672965 0.03871440887451172
471 42949672965 0.03907895088195801
472 42949672965 0.03724813461303711
473 42949672965 0.037557363510131836
474 42949672965 0.03702664375305176
475 42949672965 0.037396907806396484
476 42949672965 0.03718447685241699
477 42949672965 0.03714728355407715
478 42949672965 0.03726911544799805
479 42949672965 0.03790688514709473
480 42949672965 0.03780245780944824
481 42949672965 0.03786349296569824
482 42949672965 0.03777432441711426
483 42949672965 0.037976741790771484
484 42949672965 0.0384674072265625
485 42949672965 0.03807854652404785
486 42949672965 0.03896689414978027
487 42949672965 0.03739452362060547
488 42949672965 0.0377650260925293
489 42949672965 0.03841042518615723
490 42949672965 0.03877377510070801
491 42949672965 0.038262128829956055
492 42949672965 0.03925633430480957
493 42949672965 0.03780388832092285
494 42949672965 0.03898048400878906
495 42949672965 0.038327693939208984
496 42949672965 0.03898024559020996
497 42949672965 0.03871440887451172
498 42949672965 0.03832650184631348
499 42949672965 0.03876209259033203
