0 8589934594 0.0012998580932617188
1 8589934594 0.0009315013885498047
2 8589934594 0.0010986328125
3 8589934594 0.0013446807861328125
4 8589934594 0.001501321792602539
5 8589934594 0.0016942024230957031
6 8589934594 0.001901865005493164
7 8589934594 0.0020751953125
8 8589934594 0.0023162364959716797
9 8589934594 0.00484466552734375
10 8589934594 0.0026543140411376953
11 8589934594 0.002804994583129883
12 8589934594 0.002977609634399414
13 8589934594 0.0032172203063964844
14 8589934594 0.0034422874450683594
15 8589934594 0.0036509037017822266
16 8589934594 0.0037305355072021484
17 8589934594 0.003898143768310547
18 8589934594 0.004153013229370117
19 8589934594 0.004301309585571289
20 8589934594 0.004716396331787109
21 8589934594 0.004822969436645508
22 8589934594 0.00494694709777832
23 8589934594 0.0052449703216552734
24 8589934594 0.005510568618774414
25 8589934594 0.005637168884277344
26 8589934594 0.00591588020324707
27 8589934594 0.0062139034271240234
28 8589934594 0.0062749385833740234
29 8589934594 0.006386518478393555
30 8589934594 0.006459951400756836
31 8589934594 0.007027387619018555
32 8589934594 0.006991863250732422
33 8589934594 0.007371187210083008
34 8589934594 0.007726907730102539
35 8589934594 0.007735013961791992
36 8589934594 0.007645606994628906
37 8589934594 0.007962703704833984
38 8589934594 0.008034706115722656
39 8589934594 0.00816655158996582
40 8589934594 0.00826263427734375
41 8589934594 0.008647441864013672
42 8589934594 0.008856773376464844
43 8589934594 0.009535074234008789
44 8589934594 0.009448528289794922
45 8589934594 0.0092926025390625
46 8589934594 0.009624481201171875
47 8589934594 0.009665727615356445
48 8589934594 0.009722709655761719
49 8589934594 0.010487079620361328
50 8589934594 0.010123491287231445
51 8589934594 0.010909318923950195
52 8589934594 0.010834932327270508
53 8589934594 0.011060237884521484
54 8589934594 0.011145591735839844
55 8589934594 0.011224031448364258
56 8589934594 0.011243104934692383
57 8589934594 0.011641263961791992
58 8589934594 0.011936187744140625
59 8589934594 0.011596202850341797
60 8589934594 0.012632608413696289
61 8589934594 0.012303590774536133
62 8589934594 0.012668848037719727
63 8589934594 0.012673377990722656
64 8589934594 0.012969255447387695
65 8589934594 0.013200521469116211
66 8589934594 0.013339996337890625
67 8589934594 0.013869524002075195
68 8589934594 0.013368844985961914
69 8589934594 0.014381170272827148
70 8589934594 0.014132976531982422
71 8589934594 0.014570236206054688
72 8589934594 0.014204025268554688
73 8589934594 0.01506495475769043
74 8589934594 0.014575481414794922
75 8589934594 0.015181779861450195
76 8589934594 0.015475749969482422
77 8589934594 0.01518106460571289
78 8589934594 0.01565098762512207
79 8589934594 0.015425920486450195
80 8589934594 0.015903472900390625
81 8589934594 0.0159151554107666
82 8589934594 0.016682147979736328
83 8589934594 0.01593947410583496
84 8589934594 0.017026901245117188
85 8589934594 0.016620397567749023
86 8589934594 0.01747417449951172
87 8589934594 0.016849517822265625
88 8589934594 0.01778554916381836
89 8589934594 0.01768040657043457
90 8589934594 0.018052339553833008
91 8589934594 0.01820230484008789
92 8589934594 0.018305301666259766
93 8589934594 0.01883673667907715
94 8589934594 0.018477439880371094
95 8589934594 0.018721342086791992
96 8589934594 0.018867969512939453
97 8589934594 0.019053220748901367
98 8589934594 0.019572973251342773
99 8589934594 0.019425153732299805
100 8589934594 0.019829273223876953
101 8589934594 0.019849300384521484
102 8589934594 0.019580364227294922
103 8589934594 0.0203397274017334
104 8589934594 0.02022266387939453
105 8589934594 0.02069997787475586
106 8589934594 0.02037525177001953
107 8589934594 0.020911216735839844
108 8589934594 0.020878076553344727
109 8589934594 0.020906686782836914
110 8589934594 0.020887136459350586
111 8589934594 0.02157139778137207
112 8589934594 0.0209963321685791
113 8589934594 0.021924495697021484
114 8589934594 0.02183699607849121
115 8589934594 0.021791934967041016
116 8589934594 0.022164583206176758
117 8589934594 0.022542953491210938
118 8589934594 0.022365093231201172
119 8589934594 0.022616863250732422
120 8589934594 0.02273845672607422
121 8589934594 0.022963523864746094
122 8589934594 0.02316737174987793
123 8589934594 0.02385687828063965
124 8589934594 0.02323603630065918
125 8589934594 0.024009227752685547
126 8589934594 0.023579835891723633
127 8589934594 0.02414679527282715
128 8589934594 0.023685693740844727
129 8589934594 0.024793386459350586
130 8589934594 0.024217844009399414
131 8589934594 0.024274110794067383
132 8589934594 0.024613380432128906
133 8589934594 0.0245974063873291
134 8589934594 0.024527788162231445
135 8589934594 0.024743318557739258
136 8589934594 0.025466442108154297
137 8589934594 0.025014400482177734
138 8589934594 0.026668310165405273
139 8589934594 0.0254819393157959
140 8589934594 0.027131319046020508
141 8589934594 0.026923656463623047
142 8589934594 0.028098106384277344
143 8589934594 0.028098344802856445
144 8589934594 0.02842855453491211
145 8589934594 0.02757716178894043
146 8589934594 0.02880239486694336
147 8589934594 0.02806830406188965
148 8589934594 0.028625965118408203
149 8589934594 0.028299808502197266
150 8589934594 0.029363155364990234
151 8589934594 0.028778076171875
152 8589934594 0.02870655059814453
153 8589934594 0.028786420822143555
154 8589934594 0.029159069061279297
155 8589934594 0.028942108154296875
156 8589934594 0.029520273208618164
157 8589934594 0.030138015747070313
158 8589934594 0.029667139053344727
159 8589934594 0.030750513076782227
160 8589934594 0.029927730560302734
161 8589934594 0.0303499698638916
162 8589934594 0.030109882354736328
163 8589934594 0.030427932739257813
164 8589934594 0.030405759811401367
165 8589934594 0.030483245849609375
166 8589934594 0.031459808349609375
167 8589934594 0.03086686134338379
168 8589934594 0.032123565673828125
169 8589934594 0.03178739547729492
170 8589934594 0.032846927642822266
171 8589934594 0.03391885757446289
172 8589934594 0.03483104705810547
173 8589934594 0.0326533317565918
174 8589934594 0.03293251991271973
175 8589934594 0.03376150131225586
176 8589934594 0.03448939323425293
177 8589934594 0.033960819244384766
178 8589934594 0.03412222862243652
179 8589934594 0.033722877502441406
180 8589934594 0.03337669372558594
181 8589934594 0.034273624420166016
182 8589934594 0.03440046310424805
183 8589934594 0.03518414497375488
184 8589934594 0.0336146354675293
185 8589934594 0.03345489501953125
186 8589934594 0.03419947624206543
187 8589934594 0.03401899337768555
188 8589934594 0.033946990966796875
189 8589934594 0.034581899642944336
190 8589934594 0.034783363342285156
191 8589934594 0.03469038009643555
192 8589934594 0.03480648994445801
193 8589934594 0.03516554832458496
194 8589934594 0.035596370697021484
195 8589934594 0.03621387481689453
196 8589934594 0.03626871109008789
197 8589934594 0.03612923622131348
198 8589934594 0.036756038665771484
199 8589934594 0.037181854248046875
200 8589934594 0.03704524040222168
201 8589934594 0.03703641891479492
202 8589934594 0.037004947662353516
203 8589934594 0.03728890419006348
204 8589934594 0.037428855895996094
205 8589934594 0.037709951400756836
206 8589934594 0.03745007514953613
207 8589934594 0.037537574768066406
208 8589934594 0.03784537315368652
209 8589934594 0.038018226623535156
210 8589934594 0.03800678253173828
211 8589934594 0.03759336471557617
212 8589934594 0.03858017921447754
213 8589934594 0.03879404067993164
214 8589934594 0.037561893463134766
215 8589934594 0.0376741886138916
216 8589934594 0.03763890266418457
217 8589934594 0.0377192497253418
218 8589934594 0.038724422454833984
219 8589934594 0.03995919227600098
220 8589934594 0.0391383171081543
221 8589934594 0.038816213607788086
222 8589934594 0.0387120246887207
223 8589934594 0.03909873962402344
224 8589934594 0.03963184356689453
225 8589934594 0.03935647010803223
226 8589934594 0.03926515579223633
227 8589934594 0.0395808219909668
228 8589934594 0.03946352005004883
229 8589934594 0.04038834571838379
230 8589934594 0.04050183296203613
231 8589934594 0.040291786193847656
232 8589934594 0.04029440879821777
233 8589934594 0.041820526123046875
234 8589934594 0.04170560836791992
235 8589934594 0.04108595848083496
236 8589934594 0.044280290603637695
237 8589934594 0.0427708625793457
238 8589934594 0.04148292541503906
239 8589934594 0.04254865646362305
240 8589934594 0.04279184341430664
241 8589934594 0.04238009452819824
242 8589934594 0.04268050193786621
243 8589934594 0.04254889488220215
244 8589934594 0.04321789741516113
245 8589934594 0.04278087615966797
246 8589934594 0.0425419807434082
247 8589934594 0.04285073280334473
248 8589934594 0.04261207580566406
249 8589934594 0.04279446601867676
250 8589934594 0.04343700408935547
251 8589934594 0.04306602478027344
252 8589934594 0.04425168037414551
253 8589934594 0.04408884048461914
254 8589934594 0.04418230056762695
255 8589934594 0.04479718208312988
256 8589934594 0.044090986251831055
257 8589934594 0.04416990280151367
258 8589934594 0.04482412338256836
259 8589934594 0.04508233070373535
260 8589934594 0.04503369331359863
261 8589934594 0.04478931427001953
262 8589934594 0.04477047920227051
263 8589934594 0.045710086822509766
264 8589934594 0.045499563217163086
265 8589934594 0.04561614990234375
266 8589934594 0.045879364013671875
267 8589934594 0.04507851600646973
268 8589934594 0.04520130157470703
269 8589934594 0.04525446891784668
270 8589934594 0.04540276527404785
271 8589934594 0.04642176628112793
272 8589934594 0.04632282257080078
273 8589934594 0.04552865028381348
274 8589934594 0.04577922821044922
275 8589934594 0.04562187194824219
276 8589934594 0.046159982681274414
277 8589934594 0.04636120796203613
278 8589934594 0.046183109283447266
279 8589934594 0.04580235481262207
280 8589934594 0.04669380187988281
281 8589934594 0.04610800743103027
282 8589934594 0.04647111892700195
283 8589934594 0.04659247398376465
284 8589934594 0.04665875434875488
285 8589934594 0.048143863677978516
286 8589934594 0.047652244567871094
287 8589934594 0.04820132255554199
288 8589934594 0.047560691833496094
289 8589934594 0.048175811767578125
290 8589934594 0.0480191707611084
291 8589934594 0.04783296585083008
292 8589934594 0.04851579666137695
293 8589934594 0.048957109451293945
294 8589934594 0.049094438552856445
295 8589934594 0.048699140548706055
296 8589934594 0.049161434173583984
297 8589934594 0.04818153381347656
298 8589934594 0.04917502403259277
299 8589934594 0.048653364181518555
300 8589934594 0.04931187629699707
301 8589934594 0.04905891418457031
302 8589934594 0.04889798164367676
303 8589934594 0.04857993125915527
304 8589934594 0.049762725830078125
305 8589934594 0.050867557525634766
306 8589934594 0.04907798767089844
307 8589934594 0.04970741271972656
308 8589934594 0.05031538009643555
309 8589934594 0.0503237247467041
310 8589934594 0.04931068420410156
311 8589934594 0.05045437812805176
312 8589934594 0.05068778991699219
313 8589934594 0.0496220588684082
314 8589934594 0.050514936447143555
315 8589934594 0.05054354667663574
316 8589934594 0.050961971282958984
317 8589934594 0.0509037971496582
318 8589934594 0.05056643486022949
319 8589934594 0.051789283752441406
320 8589934594 0.05095100402832031
321 8589934594 0.05101728439331055
322 8589934594 0.05236077308654785
323 8589934594 0.052965641021728516
324 8589934594 0.05289793014526367
325 8589934594 0.05246090888977051
326 8589934594 0.05281877517700195
327 8589934594 0.05306267738342285
328 8589934594 0.052922725677490234
329 8589934594 0.05372905731201172
330 8589934594 0.05387115478515625
331 8589934594 0.05375218391418457
332 8589934594 0.054122209548950195
333 8589934594 0.055181264877319336
334 8589934594 0.05504894256591797
335 8589934594 0.054754018783569336
336 8589934594 0.0547795295715332
337 8589934594 0.055581092834472656
338 8589934594 0.05641746520996094
339 8589934594 0.05611419677734375
340 8589934594 0.055856943130493164
341 8589934594 0.05648922920227051
342 8589934594 0.05563950538635254
343 8589934594 0.05547952651977539
344 8589934594 0.05562996864318848
345 8589934594 0.05643939971923828
346 8589934594 0.056542396545410156
347 8589934594 0.05865931510925293
348 8589934594 0.05705976486206055
349 8589934594 0.05644106864929199
350 8589934594 0.05697798728942871
351 8589934594 0.05731320381164551
352 8589934594 0.05679130554199219
353 8589934594 0.05725550651550293
354 8589934594 0.058014869689941406
355 8589934594 0.05809140205383301
356 8589934594 0.05746054649353027
357 8589934594 0.059740304946899414
358 8589934594 0.0589902400970459
359 8589934594 0.05873870849609375
360 8589934594 0.06009793281555176
361 8589934594 0.05880117416381836
362 8589934594 0.059623003005981445
363 8589934594 0.05950570106506348
364 8589934594 0.05965757369995117
365 8589934594 0.05938148498535156
366 8589934594 0.060578346252441406
367 8589934594 0.059417009353637695
368 8589934594 0.06019306182861328
369 8589934594 0.05977916717529297
370 8589934594 0.06084179878234863
371 8589934594 0.06008577346801758
372 8589934594 0.060656070709228516
373 8589934594 0.060353994369506836
374 8589934594 0.061035871505737305
375 8589934594 0.06066393852233887
376 8589934594 0.0605320930480957
377 8589934594 0.06056857109069824
378 8589934594 0.06077384948730469
379 8589934594 0.06103706359863281
380 8589934594 0.06143450736999512
381 8589934594 0.06149864196777344
382 8589934594 0.06075239181518555
383 8589934594 0.061044931411743164
384 8589934594 0.06027960777282715
385 8589934594 0.06066274642944336
386 8589934594 0.06111907958984375
387 8589934594 0.06179213523864746
388 8589934594 0.06207776069641113
389 8589934594 0.06253504753112793
390 8589934594 0.06391382217407227
391 8589934594 0.06317424774169922
392 8589934594 0.06409525871276855
393 8589934594 0.06308817863464355
394 8589934594 0.06368446350097656
395 8589934594 0.06354665756225586
396 8589934594 0.06307387351989746
397 8589934594 0.06290817260742188
398 8589934594 0.0634012222290039
399 8589934594 0.06357955932617188
400 8589934594 0.06376957893371582
401 8589934594 0.06368184089660645
402 8589934594 0.06357860565185547
403 8589934594 0.06394600868225098
404 8589934594 0.06551313400268555
405 8589934594 0.06706953048706055
406 8589934594 0.06634688377380371
407 8589934594 0.06633591651916504
408 8589934594 0.06659722328186035
409 8589934594 0.06569409370422363
410 8589934594 0.06621217727661133
411 8589934594 0.06565070152282715
412 8589934594 0.06574034690856934
413 8589934594 0.06554198265075684
414 8589934594 0.06742095947265625
415 8589934594 0.06587600708007813
416 8589934594 0.06550025939941406
417 8589934594 0.06737422943115234
418 8589934594 0.06536293029785156
419 8589934594 0.06713294982910156
420 8589934594 0.06879043579101563
421 8589934594 0.06794190406799316
422 8589934594 0.06814098358154297
423 8589934594 0.06823515892028809
424 8589934594 0.06757283210754395
425 8589934594 0.06848764419555664
426 8589934594 0.06850242614746094
427 8589934594 0.06797337532043457
428 8589934594 0.06940007209777832
429 8589934594 0.06840348243713379
430 8589934594 0.0679931640625
431 8589934594 0.06913495063781738
432 8589934594 0.06943631172180176
433 8589934594 0.06893515586853027
434 8589934594 0.06872940063476563
435 8589934594 0.0691835880279541
436 8589934594 0.07036066055297852
437 8589934594 0.07103538513183594
438 8589934594 0.07303524017333984
439 8589934594 0.0715017318725586
440 8589934594 0.07097578048706055
441 8589934594 0.07047200202941895
442 8589934594 0.0708928108215332
443 8589934594 0.07087349891662598
444 8589934594 0.07035708427429199
445 8589934594 0.07153892517089844
446 8589934594 0.07186222076416016
447 8589934594 0.07126951217651367
448 8589934594 0.07193279266357422
449 8589934594 0.07214593887329102
450 8589934594 0.07173752784729004
451 8589934594 0.07241606712341309
452 8589934594 0.0733635425567627
453 8589934594 0.07532143592834473
454 8589934594 0.07309865951538086
455 8589934594 0.07312703132629395
456 8589934594 0.0741727352142334
457 8589934594 0.07291150093078613
458 8589934594 0.07360982894897461
459 8589934594 0.07356619834899902
460 8589934594 0.0734257698059082
461 8589934594 0.0737004280090332
462 8589934594 0.07432842254638672
463 8589934594 0.07381772994995117
464 8589934594 0.07341361045837402
465 8589934594 0.07437300682067871
466 8589934594 0.07400345802307129
467 8589934594 0.07371306419372559
468 8589934594 0.07440948486328125
469 8589934594 0.07287836074829102
470 8589934594 0.07369136810302734
471 8589934594 0.07418465614318848
472 8589934594 0.07482290267944336
473 8589934594 0.0738675594329834
474 8589934594 0.07439923286437988
475 8589934594 0.07404208183288574
476 8589934594 0.07444095611572266
477 8589934594 0.07424426078796387
478 8589934594 0.07564377784729004
479 8589934594 0.07477092742919922
480 8589934594 0.07516860961914063
481 8589934594 0.07479619979858398
482 8589934594 0.0750432014465332
483 8589934594 0.07651448249816895
484 8589934594 0.07532238960266113
485 8589934594 0.08137965202331543
486 8589934594 0.0763254165649414
487 8589934594 0.07595038414001465
488 8589934594 0.07658815383911133
489 8589934594 0.0779109001159668
490 8589934594 0.0766897201538086
491 8589934594 0.07692933082580566
492 8589934594 0.07710003852844238
493 8589934594 0.0770258903503418
494 8589934594 0.07674193382263184
495 8589934594 0.07734990119934082
496 8589934594 0.07654428482055664
497 8589934594 0.07668662071228027
498 8589934594 0.07728385925292969
499 8589934594 0.07767581939697266
