0.468668
0.557057
0.632057
2.03144
0.761718
0.982601
0.866256
1.56438
1.04723
0.858544
0.821494
1.0128
1.05156
1.04996
1.10446
1.06591
1.14934
1.14906
1.18036
1.19947
1.19887
1.22049
1.28571
1.27515
1.27404
1.28056
1.2544
1.33291
1.32489
1.3067
1.32102
1.33181
1.35279
1.34765
1.36
1.40635
1.37994
1.36315
1.40545
1.41955
1.41211
1.43649
1.42155
1.45185
1.54417
1.46667
1.44717
1.45288
1.4817
1.45695
1.4452
1.47932
1.46512
1.46541
1.48651
1.49327
1.51374
1.51326
1.48713
1.48281
1.5116
1.51051
1.48622
1.53329
1.4871
1.51541
1.53041
1.55169
1.55974
1.56785
1.54853
1.5323
1.54626
1.55909
1.55986
1.55867
1.54664
1.66549
1.57443
1.58363
1.58139
1.57712
1.58898
1.58088
1.5986
1.5873
1.59774
1.62051
1.59169
1.60552
1.60108
1.60605
1.62328
1.59422
1.60409
1.65974
1.62066
1.61177
1.60629
1.61101
1.6344
1.59484
1.60783
1.6333
1.62803
1.60404
1.63873
1.63724
1.63622
1.65964
1.63195
1.5961
1.61109
1.63506
1.64883
1.63831
1.63877
1.62006
1.61343
1.64414
1.64979
1.65437
1.66522
1.65324
1.68692
1.63275
1.6647
1.67956
1.68004
1.67984
1.66217
1.69407
1.64401
1.64853
1.66903
1.68549
1.68102
1.67868
1.68115
1.66007
1.67865
1.69142
1.69665
1.67083
1.68355
1.7193
1.69562
1.69551
1.68147
1.71103
1.69898
1.71714
1.71736
1.71102
1.72756
1.71865
1.73081
1.7019
1.70757
1.71476
1.72883
1.6937
1.69957
1.69917
1.71463
1.70837
1.68705
1.73461
1.71562
1.67185
1.69493
1.68739
1.71426
1.66227
1.7213
1.70992
1.6827
1.69795
1.68404
1.69196
1.69736
1.71179
1.78025
1.70615
1.69592
1.71131
1.68696
1.67811
1.71125
1.71966
1.75581
1.75061
1.71653
1.72678
1.73241
1.73123
1.73945
1.72411
1.73895
1.73129
1.72086
1.74322
1.75754
1.72926
1.76215
1.83535
1.7576
1.74322
1.71335
1.7294
1.71826
1.75372
1.74104
1.70498
1.74699
1.74953
1.76112
1.73318
1.74963
1.73285
1.75466
1.75632
1.75925
1.71146
1.74868
1.77263
1.73268
1.76822
1.77004
1.76837
1.74575
1.76377
1.72978
1.75621
1.74741
1.75492
1.72797
1.74659
1.73428
1.7368
1.7494
1.76355
1.75493
1.75139
1.75982
1.77017
1.75667
1.7858
1.7782
1.77318
1.7909
1.75068
1.77274
1.74125
1.76258
1.7515
1.784
1.74896
1.7628
1.78747
1.76911
1.7518
1.79336
1.76799
1.75778
1.7791
1.78608
1.78362
1.7657
1.77287
1.75545
1.78259
1.7837
1.77732
1.75197
1.75326
1.72431
1.73958
1.74522
1.74399
1.7511
1.74239
1.74965
1.73268
1.75881
1.75627
1.76
1.76873
1.79986
1.77657
1.78843
1.79229
1.8002
1.77249
1.76117
1.75413
1.74596
1.76094
1.74223
1.74699
1.75533
1.79279
1.78258
1.79291
1.788
1.79502
1.81519
1.7775
1.77129
1.75448
1.83579
1.77201
1.75279
1.7851
1.76456
1.73072
1.77161
1.7623
1.77531
1.78284
1.79294
1.77214
1.79536
1.76783
1.77623
1.76617
1.74749
1.77995
1.76165
1.75937
1.76207
1.7539
1.77628
1.78659
1.77668
1.80769
1.78707
1.76846
1.773
1.77019
1.77055
1.76999
1.76527
1.74898
1.7649
1.73929
1.74831
1.7879
1.75785
1.77959
1.78677
1.77637
1.76959
1.78418
1.76172
1.77378
1.778
1.75383
1.76052
1.74573
1.76621
1.76479
1.75884
1.76195
1.77184
1.84753
1.77443
1.77387
1.78561
1.78188
1.73707
1.78565
1.75571
1.77744
1.77621
1.75661
1.76547
1.75777
1.78
1.78491
1.76998
1.78131
1.77366
1.79443
1.81015
1.81067
1.81152
1.81861
1.80437
1.80939
1.81897
1.80098
1.78356
1.81554
1.80332
1.7812
1.8179
1.77655
1.77943
1.80149
1.73267
1.75304
1.76626
1.75416
1.75741
1.79019
1.76864
1.78668
1.79519
1.76998
1.76838
1.78798
1.79003
1.77969
1.7989
1.7781
1.75344
1.79633
1.79099
1.80224
1.78996
1.77603
1.77227
1.87498
1.81975
1.80602
1.81165
1.79758
1.80269
1.82434
1.81874
1.80972
1.81221
1.8068
1.80405
1.81317
1.81712
1.81739
1.84071
1.80618
1.8203
1.82524
1.80132
1.81894
1.81165
1.78582
1.80963
1.81164
1.82389
1.7999
1.82662
1.79905
1.80477
1.80897
1.81501
1.81998
1.81403
1.81845
1.82969
1.80913
1.81655
1.81751
1.81077
1.81785
1.82384
1.80353
1.79227
1.78369
1.81714
1.79803
1.81534
1.8035
1.79361
1.85022
1.83216
1.8395
1.80495
1.82934
1.82609
1.82048
1.82418
1.82333
1.84677
1.84949
1.83221
1.79593
1.80358
1.85367
1.82213
1.81734
1.82931
1.82229
1.83283
1.8614
1.86289
1.87468
1.86788
1.87467
1.86111
1.8718
